0 4 8
2 5 42
3 4 42
1 4 41
1 4 40
1 4 39
1 4 38
1 4 37
1 4 36
1 4 35
1 4 34
1 4 33
1 4 32
1 4 31
1 4 30
1 4 29
1 4 28
1 4 27
1 4 26
1 4 25
1 4 24
1 4 23
1 4 22
1 4 21
1 4 20
1 4 19
1 4 18
1 4 17
1 4 16
1 4 15
1 4 14
1 4 13
1 4 12
1 4 11
1 4 10
1 4 9
2 8 44
2 7 44
3 6 44
1 6 43
1 9 46
1 9 45
5 9 44
5 6 42
0 9 47
2 8 8
2 7 8
2 6 8
2 5 8
2 17 10
2 16 10
2 15 10
2 14 10
2 13 10
2 12 10
2 11 10
2 10 10
3 9 10
1 9 9
5 9 8
-1
-1
-1
-1
-1
-1
-1
-1
-1
-1
-1
-1
-1
-1
-1
-1
-1
-1
-1
-1
-1
-1
-1
-1
-1
-1
-1
-1
-1
-1
-1
-1
-1
-1
-1
-1
-1
0 18 10
-1
-1
-1
-1
-1
-1
-1
-1
-1
-1
-1
-1
-1
-1
-1
-1
-1
-1
-1
-1
-1
-1
-1
-1
-1
-1
-1
-1
-1
-1
-1
-1
-1
-1
-1
0 6 42
2 3 48
2 4 48
2 5 48
2 6 48
2 7 48
2 8 48
4 9 48
-1
-1
-1
-1
-1
-1
-1
-1
-1
-1
-1
-1
-1
-1
-1
-1
-1
-1
-1
0 2 48
2 33 10
2 32 10
2 31 10
2 30 10
2 29 10
2 28 10
2 27 10
2 26 10
2 25 10
2 24 10
2 23 10
2 22 10
2 21 10
2 20 10
2 19 10
2 34 10
-1
-1
-1
-1
-1
-1
-1
-1
0 35 10
2 34 2
5 35 2
1 35 3
1 35 4
1 35 5
1 35 6
1 35 7
1 35 8
1 35 9
-1
-1
-1
-1
-1
-1
-1
-1
0 33 2
1 7 35
1 7 36
1 7 37
1 7 38
1 7 39
1 7 40
1 7 41
4 7 42
-1
-1
-1
-1
-1
-1
0 7 34
2 21 17
2 20 17
2 19 17
3 18 17
1 18 16
1 18 15
1 18 14
1 18 13
1 18 12
1 18 11
-1
-1
-1
0 22 17
-1
-1
-1
-1
-1
-1
-1
-1
-1
0 9 44
2 1 7
2 2 7
2 3 7
5 4 7
-1
-1
-1
-1
-1
0 0 7
2 24 9
2 23 9
2 22 9
2 21 9
2 20 9
2 19 9
6 18 9
-1
-1
0 25 9
2 11 44
2 10 44
5 12 44
-1
-1
-1
-1
0 12 45
2 37 14
2 36 14
3 35 14
1 35 13
1 35 12
1 35 11
0 38 14
2 27 9
2 26 9
-1
-1
-1
-1
0 28 9
3 38 19
1 38 18
1 38 17
1 38 16
1 38 15
-1
0 39 19
1 10 41
1 10 42
4 10 43
6 9 43
-1
0 10 40
1 28 7
1 28 8
-1
-1
0 28 6
-1
-1
-1
-1
-1
0 9 8
5 2 44
1 2 45
1 2 46
1 2 47
0 1 44
-1
-1
-1
-1
0 34 10
1 39 8
1 39 9
4 39 10
2 38 10
2 37 10
2 36 10
0 39 7
-1
0 12 44
4 3 10
1 3 9
6 3 8
0 2 10
2 13 48
3 12 48
1 12 47
1 12 46
0 14 48
1 12 31
1 12 32
1 12 33
4 12 34
2 11 34
2 10 34
2 9 34
2 8 34
0 12 30
-1
-1
-1
-1
-1
-1
-1
-1
-1
-1
-1
-1
-1
-1
-1
-1
-1
-1
-1
-1
-1
-1
-1
-1
-1
-1
-1
-1
-1
-1
-1
-1
-1
-1
-1
-1
-1
-1
-1
-1
-1
-1
-1
-1
-1
-1
-1
-1
-1
-1
-1
-1
-1
-1
-1
-1
-1
-1
-1
-1
-1
-1
-1
-1
-1
-1
-1
-1
-1
-1
-1
-1
-1
-1
-1
-1
-1
-1
-1
-1
-1
-1
-1
-1
-1
-1
-1
-1
-1
-1
-1
-1
-1
-1
-1
-1
-1
-1
-1
-1
-1
-1
-1
-1
-1
-1
-1
-1
-1
-1
-1
-1
-1
-1
-1
-1
-1
-1
-1
-1
-1
-1
-1
-1
-1
-1
-1
-1
-1
-1
-1
-1
-1
-1
-1
-1
-1
-1
-1
-1
-1
-1
-1
-1
-1
-1
-1
-1
-1
-1
-1
-1
-1
-1
-1
-1
-1
-1
-1
-1
-1
-1
-1
-1
-1
-1
-1
-1
-1
-1
-1
-1
-1
-1
-1
-1
-1
-1
-1
-1
-1
-1
-1
-1
-1
-1
-1
-1
-1
-1
-1
-1
-1
-1
-1
-1
-1
-1
-1
-1
-1
-1
-1
-1
-1
-1
-1
-1
-1
-1
-1
-1
-1
-1
-1
-1
-1
-1
-1
-1
-1
-1
-1
-1
-1
-1
-1
-1
-1
-1
-1
-1
-1
-1
-1
-1
-1
-1
-1
-1
-1
-1
-1
-1
-1
-1
-1
-1
-1
-1
-1
-1
-1
-1
-1
-1
-1
-1
-1
-1
-1
-1
-1
-1
-1
-1
-1
-1
-1
-1
-1
-1
-1
-1
-1
-1
-1
-1
-1
-1
-1
-1
-1
-1
-1
-1
-1
-1
-1
-1
-1
-1
-1
-1
-1
-1
-1
-1
-1
-1
-1
-1
-1
-1
-1
-1
-1
-1
-1
-1
-1
-1
-1
-1
-1
-1
-1
-1
-1
-1
-1
-1
-1
-1
-1
-1
-1
-1
-1
-1
-1
-1
-1
-1
-1
-1
-1
-1
-1
-1
-1
-1
-1
-1
-1
-1
-1
-1
-1
-1
-1
-1
-1
-1
-1
-1
-1
-1
-1
-1
-1
-1
-1
-1
-1
-1
-1
-1
-1
-1
-1
-1
-1
-1
-1
-1
-1
-1
-1
-1
-1
-1
-1
-1
-1
-1
-1
-1
-1
-1
-1
-1
-1
-1
-1
-1
-1
-1
-1
-1
-1
-1
-1
-1
-1
-1
-1
-1
-1
-1
-1
-1
-1
-1
-1
-1
-1
-1
-1
-1
-1
-1
-1
-1
-1
-1
-1
-1
-1
-1
-1
-1
-1
-1
-1
-1
-1
-1
-1
-1
-1
-1
-1
-1
-1
-1
-1
-1
-1
-1
-1
-1
-1
-1
