# 841892
# yaki_cnt = 344340
# real_sz = 80
0 18 28
1 18 26
1 18 27
1 18 21
1 18 22
1 18 23
1 18 24
1 18 25
4 21 11
6 20 11
4 20 12
6 19 12
1 19 13
4 19 14
6 18 14
1 18 15
1 18 16
1 18 17
1 18 18
1 18 19
1 18 20
2 24 7
6 23 7
4 23 8
6 22 8
1 22 9
4 22 10
2 26 7
2 25 7
6 21 10
0 27 7
6 17 38
4 18 38
1 18 37
1 18 36
1 18 35
1 18 34
1 18 33
1 18 32
1 18 31
1 18 30
1 18 29
6 13 40
2 14 40
2 15 40
4 16 40
6 16 39
1 10 42
6 10 41
2 11 41
2 12 41
4 13 41
4 17 39
-1
-1
-1
-1
-1
-1
-1
-1
-1
-1
-1
-1
-1
-1
-1
-1
-1
-1
-1
-1
-1
-1
-1
-1
-1
-1
-1
-1
-1
-1
-1
-1
-1
-1
-1
-1
-1
-1
-1
-1
-1
-1
-1
-1
-1
-1
-1
-1
-1
-1
-1
-1
-1
-1
-1
-1
-1
-1
-1
-1
-1
-1
-1
-1
-1
-1
-1
-1
-1
-1
-1
0 10 43
2 29 7
2 28 7
2 34 8
2 33 8
2 32 8
3 31 8
5 31 7
2 30 7
-1
-1
-1
-1
-1
-1
-1
-1
-1
-1
-1
-1
-1
-1
-1
-1
-1
-1
-1
-1
-1
-1
-1
-1
-1
-1
-1
-1
-1
-1
-1
-1
-1
-1
-1
-1
-1
-1
-1
-1
-1
0 35 8
2 8 43
2 9 43
5 2 39
3 2 40
5 3 40
1 3 41
1 3 42
3 3 43
2 4 43
2 5 43
2 6 43
2 7 43
-1
-1
-1
-1
-1
-1
-1
-1
-1
-1
-1
-1
-1
0 1 39
2 32 9
2 33 9
2 34 9
4 35 9
-1
-1
-1
-1
-1
-1
-1
-1
-1
-1
0 31 9
2 24 28
2 23 28
2 22 28
2 21 28
2 20 28
2 19 28
2 33 29
2 32 29
2 31 29
3 30 29
5 30 28
2 29 28
2 28 28
2 27 28
2 26 28
2 25 28
0 34 29
1 34 31
1 34 30
1 34 35
1 34 34
1 34 33
5 35 43
3 34 43
1 34 42
1 34 41
1 34 40
1 34 39
1 34 38
1 34 37
1 34 36
1 34 32
0 35 44
2 36 5
6 35 5
1 35 6
1 35 7
-1
0 37 5
-1
-1
-1
-1
-1
-1
0 21 10
1 35 45
6 33 47
2 34 47
4 35 47
1 35 46
-1
0 33 48
2 39 44
2 38 44
2 37 44
2 36 44
1 40 43
4 40 44
0 40 42
4 22 3
6 21 3
1 21 4
1 21 5
1 21 6
1 21 7
1 21 8
1 21 9
0 22 2
5 45 42
2 44 42
2 43 42
2 42 42
2 41 42
0 45 43
2 6 10
2 7 10
2 8 10
2 9 10
2 10 10
2 11 10
2 12 10
2 13 10
2 14 10
2 15 10
2 16 10
2 17 10
2 18 10
2 19 10
2 20 10
0 5 10
0 18 20
0 17 39
0 13 41
-1
0 34 32
-1
-1
0 40 44
2 46 43
-1
-1
0 47 43
-1
-1
0 34 36
3 40 47
1 40 46
1 40 45
0 41 47
2 14 2
2 15 2
2 16 2
2 17 2
2 18 2
2 19 2
2 20 2
2 21 2
0 13 2
0 18 25
2 39 5
2 38 5
0 40 5
2 17 25
0 16 25
1 40 9
1 40 8
1 40 7
1 40 6
0 40 10
6 40 38
1 40 39
1 40 40
1 40 41
0 41 38
2 44 38
2 43 38
2 42 38
0 45 38
0 25 7
0 25 28
0 1 38
1 45 36
1 45 37
0 45 35
1 15 46
1 15 45
1 15 44
1 15 43
1 15 42
5 15 41
2 14 41
0 15 47
6 40 3
1 40 4
0 41 3
0 30 7
0 7 43
1 7 45
1 7 44
0 7 46
2 33 32
0 32 32
1 46 32
4 46 33
6 45 33
1 45 34
0 46 31
1 48 26
4 48 27
6 47 27
1 47 28
1 47 29
4 47 30
6 46 30
0 48 25
2 47 22
5 48 22
1 48 23
1 48 24
0 46 22
2 31 44
2 32 44
2 33 44
2 34 44
0 30 44
1 30 42
1 30 43
0 30 41
2 29 41
0 28 41
6 43 1
1 43 2
4 43 3
2 42 3
0 44 1
2 27 43
4 28 43
1 28 42
0 26 43
2 23 43
2 24 43
2 25 43
0 22 43
6 3 46
2 4 46
2 5 46
2 6 46
0 3 47
4 13 39
6 12 39
4 12 40
2 11 40
2 10 40
2 9 40
2 8 40
6 7 40
1 7 41
1 7 42
0 13 38
1 25 10
1 25 9
1 25 8
0 25 11
2 26 0
2 25 0
6 24 0
4 24 1
2 23 1
6 22 1
0 27 0
6 46 19
1 46 20
1 46 21
0 47 19
3 47 45
1 47 44
0 48 45
6 37 31
4 37 32
2 36 32
2 35 32
0 38 31
1 38 28
1 38 29
1 38 30
0 38 27
0 35 46
1 25 25
1 25 26
1 25 27
0 25 24
4 30 24
2 29 24
2 28 24
2 27 24
2 26 24
0 30 23
1 37 2
1 37 3
1 37 4
0 37 1
4 31 25
1 31 24
5 31 23
0 30 25
0 33 36
3 41 45
5 41 44
0 42 45
6 7 25
2 8 25
2 9 25
2 10 25
2 11 25
2 12 25
2 13 25
2 14 25
2 15 25
0 7 26
2 4 26
2 5 26
2 6 26
0 3 26
2 27 12
2 26 12
3 25 12
0 28 12
0 28 13
1 47 41
1 47 42
0 47 40
5 25 19
1 25 20
1 25 21
1 25 22
1 25 23
0 24 19
4 25 30
1 25 29
0 24 30
1 24 34
1 24 33
1 24 32
1 24 31
0 24 35
1 38 25
1 38 26
0 38 24
2 18 47
2 17 47
2 16 47
0 19 47
5 14 19
3 14 20
2 15 20
2 16 20
2 17 20
0 13 19
1 7 37
4 7 38
2 6 38
2 5 38
2 4 38
2 3 38
2 2 38
0 7 36
5 38 21
1 38 22
1 38 23
0 37 21
3 35 21
2 36 21
0 35 20
6 35 16
1 35 17
1 35 18
1 35 19
0 36 16
1 13 35
1 13 36
1 13 37
0 13 34
-1
-1
-1
-1
-1
-1
-1
-1
-1
-1
-1
-1
-1
-1
-1
-1
-1
-1
-1
-1
-1
-1
-1
-1
-1
-1
-1
-1
-1
-1
-1
-1
-1
-1
-1
-1
-1
-1
-1
-1
-1
-1
-1
-1
-1
-1
-1
-1
-1
-1
-1
-1
-1
-1
-1
-1
-1
-1
-1
-1
-1
-1
-1
-1
-1
-1
-1
-1
-1
-1
-1
-1
-1
-1
-1
-1
-1
-1
-1
-1
-1
-1
-1
-1
-1
-1
-1
-1
-1
-1
-1
-1
-1
-1
-1
-1
-1
-1
-1
-1
-1
-1
-1
-1
-1
-1
-1
-1
-1
-1
-1
-1
-1
-1
-1
-1
-1
-1
-1
-1
-1
-1
-1
-1
-1
-1
-1
-1
-1
-1
-1
-1
-1
-1
-1
-1
-1
-1
-1
-1
-1
-1
-1
-1
-1
-1
-1
-1
-1
-1
-1
-1
-1
-1
-1
-1
-1
-1
-1
-1
-1
-1
-1
-1
-1
-1
-1
-1
-1
-1
-1
-1
-1
-1
-1
-1
-1
-1
-1
-1
-1
-1
-1
-1
-1
-1
-1
-1
-1
-1
-1
-1
-1
-1
-1
-1
-1
-1
-1
-1
-1
-1
-1
-1
-1
-1
-1
-1
-1
-1
-1
-1
-1
-1
-1
-1
-1
-1
-1
-1
-1
-1
-1
-1
-1
-1
-1
-1
-1
-1
-1
-1
-1
-1
-1
-1
-1
-1
-1
-1
-1
