0 2 8
2 4 12
2 3 12
3 2 12
1 2 11
1 2 10
1 2 9
2 8 12
2 7 12
2 6 12
2 5 12
2 20 13
2 19 13
2 18 13
2 17 13
2 16 13
2 15 13
2 14 13
2 13 13
2 12 13
2 11 13
2 10 13
3 9 13
2 23 15
2 22 15
3 21 15
1 21 14
5 21 13
5 9 12
2 26 17
2 25 17
3 24 17
1 24 16
2 28 22
3 27 22
1 27 21
1 27 20
1 27 19
1 27 18
5 27 17
1 30 25
1 30 24
1 30 23
5 30 22
2 29 22
3 30 36
1 30 35
1 30 34
1 30 33
1 30 32
1 30 31
1 30 30
1 30 29
1 30 28
1 30 27
2 33 36
2 32 36
2 31 36
1 30 26
2 35 41
3 34 41
1 34 40
1 34 39
1 34 38
1 34 37
5 34 36
5 24 15
0 36 41
-1
-1
-1
-1
-1
-1
-1
-1
-1
-1
-1
-1
-1
-1
-1
-1
-1
-1
-1
-1
-1
-1
-1
-1
-1
-1
-1
-1
-1
-1
-1
-1
-1
-1
-1
-1
-1
0 24 15
2 38 44
2 37 44
3 36 44
1 36 43
1 36 42
-1
-1
-1
-1
-1
-1
-1
-1
-1
-1
-1
-1
-1
-1
-1
-1
-1
-1
-1
-1
0 39 44
5 2 5
1 2 6
1 2 7
-1
-1
-1
-1
-1
-1
-1
-1
-1
-1
-1
-1
-1
-1
-1
-1
0 1 5
-1
-1
-1
-1
-1
-1
-1
-1
-1
-1
-1
-1
-1
-1
0 9 12
2 8 14
2 7 14
2 6 14
2 5 14
2 4 14
2 3 14
2 2 14
3 1 14
1 1 13
1 1 12
1 1 11
1 1 10
1 1 9
6 1 8
2 15 16
2 14 16
2 13 16
2 12 16
2 11 16
2 10 16
3 9 16
1 9 15
2 19 18
2 18 18
2 17 18
3 16 18
1 16 17
5 16 16
5 9 14
3 21 23
1 21 22
1 21 21
1 21 20
1 21 19
5 21 18
2 20 18
0 22 23
1 37 39
1 37 40
4 37 41
2 40 38
2 39 38
2 38 38
6 37 38
0 41 38
-1
0 34 36
1 24 10
1 24 11
1 24 12
1 24 13
1 24 14
1 26 7
1 26 8
4 26 9
2 25 9
6 24 9
0 26 6
-1
-1
-1
-1
-1
-1
-1
0 21 13
2 31 44
2 32 44
2 33 44
2 34 44
5 35 44
3 35 45
2 36 45
2 37 45
2 38 45
4 39 45
0 30 44
-1
-1
-1
-1
-1
0 5 12
-1
-1
-1
-1
-1
0 30 26
2 46 40
2 45 40
2 44 40
2 43 40
2 42 40
3 41 40
1 41 39
0 47 40
2 21 2
2 22 2
2 23 2
2 24 2
2 25 2
5 26 2
1 26 3
1 26 4
1 26 5
0 20 2
-1
0 29 22
4 27 15
2 26 15
2 25 15
2 35 14
2 34 14
2 33 14
2 32 14
2 31 14
2 30 14
2 29 14
2 28 14
6 27 14
0 36 14
4 47 43
1 47 42
1 47 41
6 46 43
0 46 44
0 20 18
1 22 25
1 22 24
0 22 26
-1
-1
-1
-1
0 46 43
-1
-1
-1
0 27 17
2 15 22
2 16 22
2 17 22
2 18 22
2 19 22
4 20 22
1 20 21
1 20 20
1 20 19
0 14 22
1 30 3
1 30 4
1 30 5
4 30 6
2 29 6
2 28 6
2 27 6
0 30 2
0 31 36
0 24 9
2 32 26
2 31 26
4 41 26
2 40 26
2 39 26
2 38 26
2 37 26
2 36 26
2 35 26
2 34 26
2 33 26
0 41 25
0 23 23
2 28 38
2 29 38
2 30 38
4 31 38
1 31 37
0 27 38
0 9 14
2 27 44
2 28 44
2 29 44
2 18 44
2 19 44
2 20 44
2 21 44
2 22 44
2 23 44
2 24 44
2 25 44
2 26 44
0 17 44
0 33 26
2 27 47
2 28 47
2 29 47
4 30 47
1 30 46
1 30 45
0 26 47
1 35 33
1 35 34
1 35 35
4 35 36
0 35 32
1 38 10
1 38 11
1 38 12
1 38 13
4 38 14
2 37 14
0 38 9
2 3 39
2 4 39
2 5 39
2 6 39
2 7 39
2 8 39
2 9 39
2 10 39
2 11 39
2 12 39
2 13 39
2 14 39
2 15 39
2 16 39
5 17 39
1 17 40
1 17 41
1 17 42
1 17 43
0 2 39
0 30 22
2 10 19
2 11 19
2 12 19
2 13 19
5 14 19
1 14 20
1 14 21
0 9 19
0 37 38
0 27 14
1 47 34
1 47 35
1 47 36
1 47 37
1 47 38
1 47 39
0 47 33
2 22 8
2 23 8
5 24 8
0 21 8
2 40 22
5 41 22
1 41 23
1 41 24
0 39 22
2 20 38
2 21 38
2 22 38
2 23 38
2 24 38
2 25 38
2 26 38
2 18 38
2 19 38
0 17 38
5 47 29
1 47 30
1 47 31
1 47 32
0 46 29
0 19 38
0 16 16
1 33 42
4 33 43
2 32 43
2 31 43
6 30 43
0 33 41
4 22 28
1 22 27
0 21 28
2 25 28
2 24 28
3 23 28
1 23 27
5 23 26
0 26 28
0 21 18
1 21 30
1 21 29
0 21 31
0 26 44
3 40 47
1 40 46
1 40 45
5 40 44
0 41 47
3 3 5
5 3 4
2 2 4
6 1 4
0 4 5
1 29 16
4 29 17
2 28 17
0 29 15
1 42 37
4 42 38
0 42 36
-1
-1
-1
-1
-1
-1
-1
-1
-1
-1
-1
-1
-1
-1
-1
-1
-1
-1
-1
-1
-1
-1
-1
-1
-1
-1
-1
-1
-1
-1
-1
-1
-1
-1
-1
-1
-1
-1
-1
-1
-1
-1
-1
-1
-1
-1
-1
-1
-1
-1
-1
-1
-1
-1
-1
-1
-1
-1
-1
-1
-1
-1
-1
-1
-1
-1
-1
-1
-1
-1
-1
-1
-1
-1
-1
-1
-1
-1
-1
-1
-1
-1
-1
-1
-1
-1
-1
-1
-1
-1
-1
-1
-1
-1
-1
-1
-1
-1
-1
-1
-1
-1
-1
-1
-1
-1
-1
-1
-1
-1
-1
-1
-1
-1
-1
-1
-1
-1
-1
-1
-1
-1
-1
-1
-1
-1
-1
-1
-1
-1
-1
-1
-1
-1
-1
-1
-1
-1
-1
-1
-1
-1
-1
-1
-1
-1
-1
-1
-1
-1
-1
-1
-1
-1
-1
-1
-1
-1
-1
-1
-1
-1
-1
-1
-1
-1
-1
-1
-1
-1
-1
-1
-1
-1
-1
-1
-1
-1
-1
-1
-1
-1
-1
-1
-1
-1
-1
-1
-1
-1
-1
-1
-1
-1
-1
-1
-1
-1
-1
-1
-1
-1
-1
-1
-1
-1
-1
-1
-1
-1
-1
-1
-1
-1
-1
-1
-1
-1
-1
-1
-1
-1
-1
-1
-1
-1
-1
-1
-1
-1
-1
-1
-1
-1
-1
-1
-1
-1
-1
-1
-1
-1
-1
-1
-1
-1
-1
-1
-1
-1
-1
-1
-1
-1
-1
-1
-1
-1
-1
-1
-1
-1
-1
-1
-1
-1
-1
-1
-1
-1
-1
-1
-1
-1
-1
-1
-1
-1
-1
-1
-1
-1
-1
-1
-1
-1
-1
-1
-1
-1
-1
-1
-1
-1
-1
-1
-1
-1
-1
-1
-1
-1
-1
-1
-1
-1
-1
-1
-1
-1
-1
-1
-1
-1
-1
-1
-1
-1
-1
