# yaki_cnt = 116510
# 112
0 3 31
2 4 31
4 12 31
2 11 31
2 10 31
2 9 31
2 8 31
2 7 31
2 6 31
2 5 31
1 15 29
4 15 30
2 14 30
2 13 30
1 17 27
4 17 28
2 16 28
6 15 28
6 12 30
1 19 24
1 19 25
4 19 26
2 18 26
6 17 26
4 23 23
2 22 23
2 21 23
2 20 23
6 19 23
1 25 20
1 25 21
4 25 22
2 24 22
1 25 15
1 25 16
1 25 17
1 25 18
4 34 14
2 33 14
2 32 14
2 31 14
2 30 14
2 29 14
2 28 14
2 27 14
2 26 14
6 25 14
1 25 19
1 36 12
4 36 13
2 35 13
6 34 13
6 23 22
1 40 9
1 40 10
4 40 11
2 39 11
2 38 11
2 37 11
6 36 11
1 41 2
1 41 3
1 41 4
1 41 5
1 41 6
1 41 7
4 41 8
6 40 8
0 41 1
2 8 33
2 7 33
2 6 33
2 5 33
2 4 33
3 3 33
1 3 32
2 15 34
2 14 34
2 13 34
2 12 34
2 11 34
2 10 34
3 9 34
5 9 33
-1
-1
-1
-1
-1
-1
-1
-1
-1
-1
0 16 34
-1
-1
-1
-1
-1
-1
-1
-1
-1
-1
-1
-1
-1
-1
-1
-1
-1
-1
-1
0 40 8
1 16 36
1 16 35
2 18 40
2 17 40
3 16 40
1 16 39
1 16 38
1 16 37
3 19 49
1 19 48
1 19 47
1 19 46
1 19 45
1 19 44
1 19 43
1 19 42
1 19 41
5 19 40
0 20 49
-1
-1
-1
-1
-1
-1
-1
-1
-1
0 36 11
1 2 35
1 2 34
1 2 33
1 2 32
6 2 31
-1
-1
0 2 36
-1
-1
-1
-1
-1
-1
0 23 22
2 44 1
2 43 1
2 42 1
-1
-1
0 45 1
2 3 39
3 2 39
1 2 38
1 2 37
3 4 43
1 4 42
1 4 41
1 4 40
2 8 44
2 7 44
2 6 44
3 5 44
5 5 43
2 11 45
2 10 45
3 9 45
5 9 44
5 4 39
0 12 45
0 34 13
0 4 39
0 9 44
3 8 46
2 9 46
2 10 46
2 11 46
4 12 46
0 8 45
-1
0 5 43
2 47 1
2 46 1
-1
0 48 1
2 7 39
2 6 39
2 5 39
0 8 39
1 7 47
1 7 46
6 7 45
0 7 48
2 21 20
2 22 20
5 23 20
1 23 21
0 20 20
1 20 18
1 20 19
0 20 17
0 19 17
2 9 48
2 8 48
0 10 48
4 45 7
1 45 6
1 45 5
1 45 4
1 45 3
1 45 2
2 42 12
2 43 12
4 44 12
1 44 11
1 44 10
1 44 9
1 44 8
4 41 17
1 41 16
1 41 15
1 41 14
1 41 13
6 41 12
2 36 19
2 37 19
2 38 19
2 39 19
4 40 19
1 40 18
6 40 17
6 44 7
0 35 19
2 39 1
2 40 1
0 38 1
0 19 23
0 17 26
1 21 45
1 21 46
1 21 47
1 21 48
4 21 49
0 21 44
1 21 41
1 21 42
1 21 43
0 21 40
4 25 44
2 24 44
2 23 44
2 22 44
0 25 43
0 25 19
0 25 14
2 3 48
2 4 48
2 5 48
2 6 48
0 2 48
3 1 41
1 1 40
1 1 39
1 1 38
1 1 37
6 1 36
0 2 41
1 30 41
1 30 42
4 30 43
2 29 43
2 28 43
2 27 43
2 26 43
0 30 40
1 31 36
1 31 37
1 31 38
1 31 39
4 31 40
0 31 35
1 35 34
4 35 35
2 34 35
2 33 35
2 32 35
0 35 33
1 36 36
1 36 35
1 36 34
5 36 33
0 36 37
1 18 31
1 18 32
1 18 33
4 18 34
2 17 34
2 19 30
6 18 30
1 20 28
1 20 29
4 20 30
0 20 27
0 20 30
2 38 37
2 37 37
0 39 37
1 41 35
1 41 36
4 41 37
2 40 37
0 41 34
2 42 34
0 43 34
0 19 40
4 25 27
2 24 27
2 23 27
2 22 27
2 21 27
0 25 26
1 38 3
1 38 2
0 38 4
2 44 35
3 43 35
0 45 35
2 14 17
2 15 17
2 16 17
2 17 17
2 18 17
0 13 17
1 36 43
1 36 42
1 36 41
1 36 40
1 36 39
1 36 38
0 36 44
4 48 6
1 48 5
1 48 4
1 48 3
1 48 2
0 47 6
0 44 7
2 46 38
3 45 38
1 45 37
1 45 36
0 47 38
0 47 39
1 16 43
1 16 44
4 16 45
2 15 45
2 14 45
2 13 45
0 16 42
0 16 37
1 47 9
1 47 8
1 47 7
0 47 10
5 25 11
1 25 12
1 25 13
0 24 11
2 20 11
2 21 11
2 22 11
2 23 11
0 19 11
1 48 33
1 48 34
4 48 35
2 47 35
2 46 35
0 48 32
2 27 21
3 26 21
1 26 20
5 26 19
0 28 21
2 29 24
3 28 24
1 28 23
1 28 22
0 30 24
2 16 11
2 17 11
2 18 11
0 15 11
2 12 11
2 13 11
2 14 11
0 11 11
0 18 30
2 16 23
2 17 23
2 18 23
0 15 23
0 12 30
5 44 6
0 43 6
3 39 39
1 39 38
0 40 39
2 42 41
2 41 41
3 40 41
1 40 40
0 43 41
2 33 46
2 34 46
2 35 46
4 36 46
1 36 45
1 32 47
2 23 49
2 24 49
2 25 49
2 26 49
2 27 49
2 28 49
2 29 49
2 30 49
2 31 49
4 32 49
1 32 48
6 32 46
0 22 49
2 12 48
2 11 48
0 13 48
1 35 29
1 35 30
1 35 31
1 35 32
0 35 28
0 40 17
0 41 12
1 41 30
1 41 31
1 41 32
1 41 33
0 41 29
2 36 22
3 35 22
1 35 21
1 35 20
0 37 22
1 30 27
1 30 26
1 30 25
0 30 28
2 10 20
2 11 20
2 12 20
4 13 20
1 13 19
1 13 18
0 9 20
2 8 19
5 9 19
0 7 19
4 4 36
2 3 36
0 4 35
2 6 22
4 7 22
1 7 21
1 7 20
0 5 22
2 31 11
2 32 11
2 33 11
5 34 11
1 34 12
0 30 11
2 15 41
5 16 41
0 14 41
0 32 46
0 32 48
5 30 7
1 30 8
1 30 9
1 30 10
0 29 7
4 32 6
2 31 6
2 30 6
6 29 6
0 32 5
0 5 31
1 47 13
1 47 12
1 47 11
0 47 14
2 29 47
2 30 47
4 31 47
6 31 46
0 28 47
2 33 20
4 34 20
6 34 19
0 32 20
1 17 45
1 17 44
1 17 43
5 17 42
0 17 46
2 6 36
3 5 36
5 5 35
0 7 36
2 30 2
2 31 2
5 32 2
1 32 3
1 32 4
0 29 2
2 26 1
2 27 1
2 28 1
5 29 1
0 25 1
2 28 35
2 29 35
2 30 35
0 27 35
2 35 1
2 36 1
2 37 1
0 34 1
1 16 20
1 16 21
4 16 22
6 15 22
0 16 19
1 42 26
1 42 27
1 42 28
4 42 29
0 42 25
2 46 26
2 45 26
2 44 26
3 43 26
5 43 25
0 47 26
0 15 28
5 7 15
1 7 16
1 7 17
1 7 18
0 6 15
5 28 16
1 28 17
1 28 18
1 28 19
1 28 20
0 27 16
2 23 35
2 24 35
2 25 35
2 26 35
0 22 35
0 9 33
1 47 45
1 47 44
1 47 43
1 47 42
1 47 41
1 47 40
0 47 46
1 8 28
1 8 29
4 8 30
2 7 30
2 6 30
6 5 30
0 8 27
2 39 46
2 38 46
3 37 46
1 37 45
5 37 44
0 40 46
1 21 9
4 21 10
2 20 10
6 19 10
0 21 8
2 11 21
2 10 21
3 9 21
0 12 21
1 47 23
1 47 24
1 47 25
0 47 22
1 13 6
1 13 7
1 13 8
1 13 9
4 13 10
2 12 10
6 11 10
0 13 5
1 16 2
1 16 3
1 16 4
4 16 5
2 15 5
2 14 5
0 16 1
-1
-1
-1
-1
-1
-1
-1
-1
-1
-1
-1
-1
-1
-1
-1
-1
-1
-1
-1
-1
-1
-1
-1
-1
-1
-1
-1
-1
-1
-1
-1
-1
-1
-1
-1
-1
-1
-1
-1
-1
-1
-1
-1
-1
-1
-1
-1
-1
-1
-1
-1
-1
-1
-1
-1
-1
-1
-1
-1
-1
-1
-1
-1
-1
-1
-1
-1
-1
-1
-1
-1
-1
-1
-1
-1
-1
-1
-1
-1
-1
-1
-1
-1
-1
-1
-1
-1
-1
-1
-1
-1
-1
-1
-1
-1
-1
-1
-1
-1
-1
-1
-1
-1
-1
-1
-1
-1
-1
-1
-1
-1
-1
-1
-1
-1
-1
-1
-1
-1
-1
-1
-1
-1
-1
-1
-1
-1
-1
-1
-1
-1
-1
-1
-1
-1
-1
-1
-1
-1
-1
-1
-1
-1
-1
-1
-1
-1
-1
-1
-1
-1
-1
-1
-1
-1
-1
-1
-1
-1
-1
-1
-1
-1
-1
-1
-1
