0 22 18
1 24 15
1 24 16
1 24 17
4 24 18
2 23 18
1 32 11
1 32 12
1 32 13
4 32 14
2 31 14
2 30 14
2 29 14
2 28 14
2 27 14
2 26 14
2 25 14
6 24 14
4 37 10
2 36 10
2 35 10
2 34 10
2 33 10
6 32 10
0 37 9
1 22 21
1 22 20
1 22 19
2 24 48
2 23 48
3 22 48
1 22 47
1 22 46
1 22 45
1 22 44
1 22 43
1 22 42
1 22 41
1 22 40
-1
1 22 39
-1
-1
1 22 38
-1
1 22 37
-1
1 22 36
-1
1 22 35
-1
-1
1 22 34
-1
1 22 33
-1
1 22 32
-1
1 22 31
-1
1 22 30
-1
-1
1 22 29
-1
1 22 28
-1
1 22 27
-1
1 22 26
-1
-1
1 22 25
-1
1 22 24
-1
1 22 23
-1
1 22 22
-1
-1
-1
-1
-1
-1
-1
-1
-1
-1
-1
-1
-1
-1
-1
-1
-1
-1
-1
-1
-1
-1
-1
-1
-1
-1
-1
-1
-1
-1
-1
-1
-1
-1
-1
-1
-1
-1
-1
-1
-1
-1
-1
-1
-1
-1
-1
-1
-1
-1
-1
-1
-1
-1
-1
-1
-1
-1
-1
-1
-1
-1
-1
-1
-1
-1
-1
-1
-1
-1
-1
-1
-1
-1
-1
-1
-1
-1
-1
-1
-1
-1
-1
-1
-1
-1
-1
-1
-1
-1
-1
-1
-1
-1
-1
-1
-1
-1
-1
-1
-1
-1
-1
-1
-1
-1
-1
-1
-1
-1
0 25 48
-1
-1
-1
-1
-1
-1
-1
-1
-1
-1
-1
-1
-1
-1
-1
-1
-1
-1
-1
-1
-1
-1
-1
-1
-1
-1
-1
-1
-1
-1
-1
-1
-1
-1
-1
-1
-1
-1
-1
-1
-1
-1
-1
-1
-1
-1
-1
-1
-1
-1
-1
-1
0 32 10
2 22 49
2 23 49
2 24 49
4 25 49
2 14 46
2 15 46
2 16 46
2 17 46
2 18 46
2 19 46
2 20 46
5 21 46
1 21 47
1 21 48
3 21 49
-1
-1
-1
-1
-1
-1
-1
-1
-1
-1
-1
-1
-1
-1
-1
-1
-1
-1
-1
-1
-1
-1
-1
-1
-1
0 13 46
5 32 2
1 32 3
1 32 4
1 32 5
1 32 6
1 32 7
1 32 8
1 32 9
-1
-1
-1
-1
-1
-1
-1
-1
-1
-1
-1
-1
-1
-1
-1
-1
-1
-1
-1
0 31 2
4 38 22
1 38 21
1 38 20
1 38 19
1 38 18
1 38 17
1 38 16
1 38 15
1 38 14
1 38 13
1 38 12
1 38 11
1 38 10
5 38 9
-1
-1
-1
-1
-1
-1
-1
-1
0 37 22
1 14 34
1 14 35
1 14 36
1 14 37
1 14 38
1 14 39
1 14 40
1 14 41
1 14 42
1 14 43
1 14 44
4 14 45
6 13 45
-1
-1
-1
-1
-1
-1
-1
-1
0 14 33
2 20 11
2 21 11
5 22 11
1 22 12
1 22 13
1 22 14
1 22 15
1 22 16
1 22 17
2 15 11
2 16 11
2 17 11
2 18 11
2 19 11
-1
-1
-1
0 14 11
2 36 48
2 35 48
2 34 48
2 33 48
2 32 48
2 31 48
2 30 48
2 29 48
2 28 48
2 27 48
2 26 48
-1
-1
-1
0 37 48
-1
-1
-1
-1
-1
-1
-1
-1
-1
-1
0 19 11
2 7 15
2 8 15
2 9 15
2 10 15
2 11 15
2 12 15
2 13 15
4 14 15
1 14 14
1 14 13
1 14 12
0 6 15
2 41 49
2 40 49
2 39 49
2 38 49
3 37 49
-1
-1
-1
-1
0 42 49
-1
-1
-1
-1
-1
-1
-1
0 21 49
2 34 13
2 35 13
2 36 13
5 37 13
1 37 14
1 37 15
1 37 16
1 37 17
1 37 18
1 37 19
1 37 20
1 37 21
0 33 13
1 6 17
1 6 16
-1
0 6 18
1 14 31
1 14 32
-1
-1
-1
-1
0 14 30
2 41 23
2 40 23
2 39 23
2 38 23
3 37 23
-1
0 42 23
1 39 13
1 39 12
1 39 11
1 39 10
1 39 9
5 39 8
2 38 8
6 37 8
0 39 14
3 15 42
1 15 41
1 15 40
1 15 39
1 15 38
1 15 37
1 15 36
1 15 35
1 15 34
5 15 33
0 16 42
0 22 22
-1
-1
-1
0 24 14
2 7 20
3 6 20
1 6 19
-1
-1
0 8 20
1 12 42
1 12 43
1 12 44
1 12 45
3 12 46
0 12 41
1 27 20
1 27 21
4 27 22
2 26 22
2 25 22
2 24 22
2 23 22
0 27 19
1 18 40
1 18 41
4 18 42
2 17 42
0 18 39
-1
-1
-1
-1
-1
-1
-1
-1
-1
-1
-1
-1
-1
-1
-1
-1
-1
-1
-1
-1
-1
-1
-1
-1
-1
-1
-1
-1
-1
-1
-1
-1
-1
-1
-1
-1
-1
-1
-1
-1
-1
-1
-1
-1
-1
-1
-1
-1
-1
-1
-1
-1
-1
-1
-1
-1
-1
-1
-1
-1
-1
-1
-1
-1
-1
-1
-1
-1
-1
-1
-1
-1
-1
-1
-1
-1
-1
-1
-1
-1
-1
-1
-1
-1
-1
-1
-1
-1
-1
-1
-1
-1
-1
-1
-1
-1
-1
-1
-1
-1
-1
-1
-1
-1
-1
-1
-1
-1
-1
-1
-1
-1
-1
-1
-1
-1
-1
-1
-1
-1
-1
-1
-1
-1
-1
-1
-1
-1
-1
-1
-1
-1
-1
-1
-1
-1
-1
-1
-1
-1
-1
-1
-1
-1
-1
-1
-1
-1
-1
-1
-1
-1
-1
-1
-1
-1
-1
-1
-1
-1
-1
-1
-1
-1
-1
-1
-1
-1
-1
-1
-1
-1
-1
-1
-1
-1
-1
-1
-1
-1
-1
-1
-1
-1
-1
-1
-1
-1
-1
-1
-1
-1
-1
-1
-1
-1
-1
-1
-1
-1
-1
-1
-1
-1
-1
-1
-1
-1
-1
-1
-1
-1
-1
-1
-1
-1
-1
-1
-1
-1
-1
-1
-1
-1
-1
-1
-1
-1
-1
-1
-1
-1
-1
-1
-1
-1
-1
-1
-1
-1
-1
-1
-1
-1
-1
-1
-1
-1
-1
-1
-1
-1
-1
-1
-1
-1
-1
-1
-1
-1
-1
-1
-1
-1
-1
-1
-1
-1
-1
-1
-1
-1
-1
-1
-1
-1
-1
-1
-1
-1
-1
-1
-1
-1
-1
-1
-1
-1
