# money = 107913
# income = 908
2 44 47
2 43 47
2 42 47
2 41 47
2 40 47
2 39 47
2 38 47
2 37 47
2 36 47
2 35 47
2 34 47
2 33 47
2 32 47
2 31 47
2 30 47
2 29 47
2 28 47
2 27 47
2 26 47
2 25 47
2 24 47
2 23 47
2 22 47
2 21 47
2 20 47
2 19 47
2 18 47
2 17 47
2 16 47
2 15 47
2 14 47
2 13 47
2 12 47
2 11 47
2 10 47
3 9 47
1 9 46
1 9 45
1 9 44
1 9 43
1 9 42
1 9 41
1 9 40
1 9 39
1 9 38
1 9 37
1 9 36
1 9 35
1 9 34
1 9 33
1 9 32
1 9 31
1 9 30
1 9 29
1 9 28
1 9 27
1 9 26
1 9 25
1 9 24
1 9 23
1 9 22
1 9 21
1 9 20
1 9 19
1 9 18
1 9 17
1 9 16
1 9 15
1 9 14
1 9 13
1 9 12
1 9 11
1 9 10
1 9 9
1 9 8
0 9 7
0 45 47
-1
-1
-1
-1
-1
-1
-1
-1
-1
-1
-1
-1
-1
-1
-1
-1
-1
-1
-1
-1
-1
-1
-1
-1
-1
-1
-1
-1
-1
-1
-1
-1
-1
-1
-1
-1
-1
-1
-1
-1
-1
-1
-1
-1
-1
-1
-1
-1
-1
-1
-1
-1
-1
-1
-1
-1
-1
-1
-1
-1
-1
-1
-1
-1
-1
-1
-1
-1
-1
-1
-1
-1
-1
-1
-1
-1
-1
-1
-1
-1
-1
-1
-1
-1
-1
-1
-1
-1
-1
-1
-1
-1
-1
-1
-1
-1
-1
-1
-1
-1
-1
-1
-1
-1
-1
-1
-1
-1
-1
-1
-1
-1
-1
-1
-1
-1
-1
-1
-1
-1
-1
-1
-1
-1
-1
-1
-1
-1
-1
-1
-1
-1
-1
-1
-1
-1
-1
-1
-1
-1
-1
-1
-1
-1
-1
5 45 46
2 44 46
2 43 46
2 42 46
3 41 46
1 41 45
1 41 44
1 41 43
1 41 42
1 41 41
1 41 40
0 41 39
2 10 7
5 11 7
1 11 8
1 11 9
1 11 10
0 11 11
-1
-1
-1
-1
-1
-1
-1
-1
-1
-1
-1
-1
-1
-1
-1
-1
-1
-1
-1
-1
-1
-1
-1
-1
-1
-1
-1
-1
-1
-1
-1
-1
-1
-1
-1
-1
-1
-1
-1
-1
-1
-1
-1
-1
-1
-1
-1
-1
-1
-1
-1
-1
-1
-1
-1
-1
-1
-1
-1
-1
-1
-1
-1
-1
-1
-1
-1
-1
-1
-1
-1
-1
-1
-1
-1
-1
-1
-1
-1
-1
-1
-1
1 45 48
4 45 49
2 44 49
2 43 49
2 42 49
2 41 49
2 40 49
2 39 49
2 38 49
2 37 49
2 36 49
2 35 49
2 34 49
2 33 49
2 32 49
2 31 49
2 30 49
2 29 49
2 28 49
2 27 49
2 26 49
2 25 49
2 24 49
2 23 49
2 22 49
0 21 49
1 9 6
1 9 5
0 9 4
-1
-1
-1
-1
-1
-1
-1
-1
-1
-1
-1
-1
-1
-1
-1
-1
-1
-1
-1
-1
-1
-1
-1
-1
-1
-1
-1
-1
-1
-1
-1
-1
-1
-1
-1
-1
-1
-1
-1
-1
-1
-1
-1
-1
-1
-1
-1
-1
-1
-1
-1
-1
-1
-1
-1
-1
2 42 39
2 43 39
2 44 39
2 45 39
4 46 39
1 46 38
1 46 37
1 46 36
1 46 35
1 46 34
1 46 33
1 46 32
1 46 31
1 46 30
1 46 29
1 46 28
1 46 27
1 46 26
1 46 25
1 46 24
1 46 23
1 46 22
1 46 21
1 46 20
1 46 19
1 46 18
1 46 17
1 46 16
1 46 15
1 46 14
0 46 13
2 20 49
2 19 49
2 18 49
2 17 49
2 16 49
2 15 49
2 14 49
2 13 49
2 12 49
2 11 49
2 10 49
2 9 49
2 8 49
2 7 49
2 6 49
2 5 49
2 4 49
3 3 49
1 3 48
0 3 47
2 45 13
2 44 13
2 43 13
2 42 13
2 41 13
3 40 13
1 40 12
1 40 11
0 40 10
-1
-1
-1
-1
-1
-1
-1
-1
-1
-1
-1
-1
-1
-1
-1
-1
-1
-1
-1
-1
-1
2 39 10
3 38 10
1 38 9
1 38 8
1 38 7
1 38 6
1 38 5
1 38 4
0 38 3
2 12 11
2 13 11
2 14 11
2 15 11
2 16 11
2 17 11
2 18 11
2 19 11
5 20 11
1 20 12
1 20 13
1 20 14
1 20 15
1 20 16
1 20 17
1 20 18
1 20 19
1 20 20
1 20 21
1 20 22
0 20 23
6 8 7
4 8 8
2 7 8
2 6 8
2 5 8
2 4 8
2 3 8
0 2 8
3 2 9
2 3 9
5 4 9
1 4 10
0 4 11
-1
-1
-1
-1
-1
-1
-1
-1
-1
-1
-1
-1
-1
-1
-1
-1
-1
-1
-1
-1
5 21 48
2 20 48
2 19 48
2 18 48
2 17 48
0 16 48
6 37 3
1 37 4
1 37 5
1 37 6
1 37 7
1 37 8
1 37 9
1 37 10
3 37 11
5 38 11
1 38 12
1 38 13
1 38 14
0 38 15
-1
-1
-1
-1
-1
-1
-1
6 40 39
1 40 40
1 40 41
1 40 42
4 40 43
2 39 43
2 38 43
2 37 43
2 36 43
2 35 43
2 34 43
2 33 43
2 32 43
2 31 43
2 30 43
2 29 43
2 28 43
2 27 43
2 26 43
2 25 43
2 24 43
0 23 43
3 11 12
2 12 12
2 13 12
2 14 12
2 15 12
2 16 12
0 17 12
1 23 44
4 23 45
2 22 45
2 21 45
2 20 45
2 19 45
2 18 45
2 17 45
0 16 45
2 8 4
2 7 4
3 6 4
0 6 3
2 21 23
2 22 23
2 23 23
2 24 23
4 25 23
0 25 22
-1
-1
-1
-1
2 15 45
2 14 45
0 13 45
5 38 2
2 37 2
6 36 2
1 36 3
1 36 4
4 36 5
2 35 5
2 34 5
2 33 5
2 32 5
2 31 5
2 30 5
2 29 5
2 28 5
2 27 5
0 26 5
2 47 13
5 48 13
1 48 14
1 48 15
0 48 16
4 17 13
2 16 13
2 15 13
0 14 13
3 20 24
2 21 24
5 22 24
1 22 25
1 22 26
1 22 27
1 22 28
1 22 29
0 22 30
2 26 22
5 27 22
1 27 23
1 27 24
0 27 25
6 2 7
4 3 7
0 3 6
-1
-1
-1
-1
-1
-1
2 39 3
2 40 3
2 41 3
2 42 3
2 43 3
2 44 3
2 45 3
2 46 3
2 47 3
2 48 3
4 49 3
0 49 2
2 5 3
3 4 3
0 4 2
-1
-1
-1
-1
-1
-1
-1
-1
-1
-1
-1
-1
-1
-1
-1
-1
-1
-1
-1
-1
-1
-1
-1
-1
-1
-1
-1
-1
-1
-1
-1
-1
-1
-1
-1
-1
-1
-1
-1
-1
-1
-1
-1
-1
-1
-1
-1
-1
-1
-1
-1
-1
-1
-1
-1
-1
-1
-1
-1
-1
-1
-1
-1
-1
-1
-1
-1
-1
-1
-1
-1
-1
-1
-1
-1
-1
-1
-1
-1
-1
-1
-1
-1
-1
-1
-1
-1
-1
-1
-1
-1
-1
-1
-1
-1
-1
-1
-1
-1
-1
-1
-1
-1
-1
