# start_size = 144
# yaki_cnt = 38950
# end_size = 196
0 7 29
2 10 29
2 9 29
2 8 29
2 12 29
2 35 29
2 34 29
2 33 29
2 32 29
2 31 29
2 30 29
2 29 29
2 28 29
2 27 29
2 26 29
2 25 29
2 24 29
2 23 29
2 22 29
2 21 29
2 20 29
2 19 29
2 18 29
2 17 29
2 16 29
2 15 29
2 14 29
2 46 29
2 45 29
2 44 29
2 43 29
2 42 29
2 41 29
2 40 29
2 39 29
2 38 29
2 37 29
2 36 29
2 13 29
4 47 29
2 11 29
0 47 28
1 47 25
1 47 26
1 47 27
2 46 24
5 47 24
3 45 24
-1
-1
-1
-1
-1
0 45 23
2 4 30
4 5 30
6 5 29
2 6 29
2 3 30
1 2 32
1 2 31
1 2 39
1 2 38
1 2 37
1 2 36
1 2 35
1 2 34
1 2 33
6 2 30
-1
-1
-1
0 2 40
2 5 28
2 6 28
5 7 28
1 4 26
1 4 27
3 4 28
-1
-1
-1
-1
0 4 25
2 7 25
2 6 25
2 5 25
1 8 22
1 8 23
2 9 21
1 10 18
1 10 19
1 10 20
4 10 21
6 8 21
1 8 24
4 8 25
0 10 17
2 6 40
2 5 40
2 4 40
2 3 40
2 16 40
2 15 40
2 14 40
2 13 40
2 12 40
2 11 40
2 10 40
2 9 40
2 8 40
2 7 40
0 17 40
1 45 21
1 45 22
5 45 16
1 45 17
1 45 18
1 45 19
1 45 20
0 44 16
1 44 14
1 44 15
0 44 13
3 7 30
0 8 30
0 11 29
1 10 14
1 10 15
1 10 16
0 10 13
0 17 41
-1
-1
0 8 31
2 12 13
2 11 13
0 13 13
5 3 24
3 3 25
0 2 24
-1
-1
0 13 14
1 2 23
-1
0 2 22
1 2 27
1 2 26
1 2 25
0 2 28
1 17 39
0 17 38
-1
0 44 15
2 42 13
2 43 13
0 41 13
-1
0 45 24
2 20 38
2 19 38
2 18 38
0 21 38
2 14 39
4 15 39
6 15 38
2 16 38
0 13 39
0 47 29
0 17 42
1 13 37
1 13 38
0 13 36
1 41 12
0 41 11
2 43 24
2 44 24
0 42 24
2 23 38
2 22 38
0 24 38
1 2 41
0 2 42
0 47 24
0 3 42
1 41 9
1 41 10
0 41 8
0 11 28
0 2 30
1 11 26
1 11 27
0 11 25
0 8 25
2 40 24
2 41 24
0 39 24
0 17 43
2 37 11
2 38 11
2 39 11
2 40 11
0 36 11
1 17 44
0 17 45
0 8 24
1 8 33
1 8 32
0 8 34
0 40 13
2 47 15
2 46 15
2 45 15
0 48 15
1 8 36
1 8 35
0 8 37
0 18 45
0 35 11
6 33 11
2 34 11
0 33 12
2 7 34
0 6 34
1 3 45
1 3 44
1 3 43
0 3 46
1 41 7
0 41 6
2 6 46
2 5 46
2 4 46
0 7 46
1 39 22
1 39 23
0 39 21
2 39 6
2 40 6
0 38 6
2 13 41
2 14 41
2 15 41
2 16 41
0 12 41
1 41 4
1 41 5
0 41 3
2 46 30
4 47 30
0 45 30
0 13 29
1 48 17
1 48 16
0 48 18
1 7 45
0 7 44
0 7 47
1 13 12
0 13 11
0 8 21
5 34 14
3 33 14
1 33 13
0 34 15
1 21 36
1 21 37
0 21 35
2 20 35
0 19 35
2 14 30
3 13 30
0 15 30
6 37 25
2 38 25
4 39 25
0 37 26
1 13 15
0 13 16
2 7 21
0 6 21
0 47 27
2 33 15
0 32 15
1 32 17
1 32 16
0 32 18
0 36 26
1 17 46
0 17 47
0 38 21
3 8 13
2 9 13
0 8 12
2 7 12
0 6 12
1 3 47
0 3 48
1 6 14
1 6 13
0 6 15
1 15 32
1 15 31
0 15 33
1 24 39
0 24 40
2 31 12
2 32 12
0 30 12
4 49 15
0 49 14
1 49 11
1 49 12
1 49 13
0 49 10
0 10 21
3 14 26
5 14 25
2 13 25
2 12 25
0 15 26
3 8 38
0 9 38
0 2 48
1 32 22
1 32 21
1 32 20
1 32 19
0 32 23
1 15 25
0 15 24
1 39 19
1 39 20
0 39 18
1 30 10
1 30 11
0 30 9
0 31 23
3 0 38
5 1 38
1 1 39
3 1 40
0 0 37
0 40 14
0 3 30
2 16 43
0 15 43
0 40 21
2 42 3
0 43 3
0 4 28
6 27 12
2 28 12
2 29 12
0 27 13
2 45 3
2 44 3
0 46 3
4 47 2
6 46 2
0 47 1
1 36 27
0 36 28
5 14 17
3 13 17
0 14 18
1 30 7
1 30 8
0 30 6
0 30 5
0 45 20
1 30 4
0 30 3
1 19 32
1 19 33
1 19 34
0 19 31
1 14 19
0 14 20
0 16 38
2 37 6
0 36 6
2 17 26
2 16 26
0 18 26
3 35 6
0 35 5
2 45 27
2 46 27
0 44 27
2 14 13
0 15 13
2 19 42
2 18 42
0 20 42
0 9 17
0 36 29
0 20 31
4 11 34
2 10 34
2 9 34
0 11 33
5 21 26
2 20 26
2 19 26
0 21 27
1 22 25
1 22 26
4 22 27
0 22 24
1 3 20
4 3 21
6 2 21
0 3 19
6 13 45
4 14 45
6 14 44
4 15 44
0 13 46
1 36 31
1 36 30
0 36 32
2 24 24
2 23 24
0 25 24
1 45 32
1 45 31
0 45 33
0 36 7
2 16 20
2 15 20
0 17 20
1 25 27
1 25 26
1 25 25
0 25 28
2 44 33
0 43 33
3 46 4
0 47 4
4 20 20
2 19 20
2 18 20
0 20 19
2 5 15
0 4 15
0 2 33
6 39 31
4 39 32
2 38 32
2 37 32
0 40 31
2 36 21
2 37 21
0 35 21
6 35 0
1 35 1
1 35 2
1 35 3
1 35 4
0 36 0
6 21 17
1 21 18
4 21 19
0 22 17
4 7 9
6 6 9
1 6 10
1 6 11
0 7 8
0 22 35
2 24 32
2 23 32
2 22 32
3 21 32
5 21 31
0 25 32
0 12 11
2 30 18
2 31 18
0 29 18
2 43 8
2 42 8
0 44 8
2 24 5
2 25 5
2 26 5
2 27 5
2 28 5
2 29 5
0 23 5
1 13 48
1 13 47
0 13 49
4 9 44
2 8 44
0 9 43
2 28 18
0 27 18
2 3 15
0 2 15
2 22 5
0 21 5
2 6 37
2 7 37
0 5 37
1 27 20
1 27 19
0 27 21
3 28 1
2 29 1
5 30 1
1 30 2
0 28 0
3 1 28
0 1 27
2 35 17
3 34 17
1 34 16
0 36 17
2 12 46
0 11 46
0 10 16
6 29 23
2 30 23
0 29 24
0 7 40
2 31 9
0 32 9
2 28 32
2 27 32
2 26 32
0 29 32
1 23 22
4 23 23
6 22 23
0 23 21
4 29 34
1 29 33
0 28 34
2 34 27
4 35 27
6 35 26
0 33 27
0 23 40
2 22 45
2 21 45
2 20 45
2 19 45
0 23 45
6 36 10
0 37 10
1 9 6
1 9 7
4 9 8
2 8 8
0 9 5
5 32 33
2 31 33
3 30 33
5 30 32
0 32 34
2 24 13
2 25 13
2 26 13
0 23 13
2 21 13
2 22 13
0 20 13
1 29 31
0 29 30
4 25 45
2 24 45
0 25 44
5 48 29
0 48 30
1 21 7
1 21 6
0 21 8
3 8 4
5 9 4
0 8 3
5 49 20
3 48 20
1 48 19
0 49 21
2 4 11
5 5 11
3 5 12
0 3 11
2 14 24
0 13 24
2 22 8
0 23 8
1 31 35
6 31 34
0 31 36
1 45 36
1 45 35
1 45 34
0 45 37
2 18 8
2 19 8
2 20 8
0 17 8
1 42 41
6 42 40
2 43 40
2 44 40
4 45 40
1 45 39
1 45 38
0 42 42
1 42 46
1 42 45
1 42 44
1 42 43
0 42 47
2 46 37
0 47 37
1 37 35
1 37 34
5 37 33
3 36 33
0 37 36
2 16 16
2 15 16
2 14 16
0 17 16
2 39 45
2 40 45
5 41 45
1 41 46
3 41 47
0 38 45
-1
-1
-1
-1
-1
-1
-1
-1
-1
-1
-1
-1
-1
-1
-1
-1
-1
-1
-1
-1
-1
-1
-1
-1
-1
-1
-1
-1
-1
-1
-1
-1
-1
-1
-1
-1
-1
-1
-1
-1
-1
-1
-1
-1
-1
-1
-1
-1
-1
-1
-1
-1
-1
-1
-1
-1
-1
-1
-1
-1
-1
-1
-1
-1
-1
-1
-1
-1
-1
-1
-1
-1
-1
-1
-1
-1
-1
-1
-1
-1
-1
-1
-1
-1
-1
-1
-1
-1
-1
-1
-1
-1
-1
-1
-1
-1
-1
-1
-1
-1
-1
-1
-1
-1
-1
-1
-1
-1
-1
-1
-1
-1
-1
-1
-1
-1
-1
-1
-1
-1
-1
-1
-1
-1
-1
-1
-1
-1
-1
-1
-1
-1
-1
-1
-1
-1
-1
-1
-1
-1
-1
-1
-1
-1
-1
-1
-1
-1
-1
-1
-1
-1
-1
-1
-1
-1
-1
-1
-1
-1
-1
-1
-1
-1
