# start_size = 103
# yaki_cnt = 148300
# end_size = 103
# real_sz = 103
0 27 34
1 27 32
1 27 33
2 30 31
2 29 31
2 28 31
6 27 31
6 40 29
1 40 30
4 40 31
2 39 31
2 38 31
2 37 31
2 36 31
2 35 31
2 34 31
2 33 31
1 41 26
1 41 27
1 41 28
4 41 29
2 32 31
2 31 31
1 41 21
1 41 22
1 41 23
1 41 24
1 41 15
1 41 16
1 41 17
1 41 18
1 41 19
1 41 20
6 41 10
1 41 11
1 41 12
1 41 13
1 41 14
4 46 9
6 45 9
4 45 10
2 44 10
2 43 10
2 42 10
1 41 25
0 46 8
1 26 37
6 26 36
4 27 36
1 27 35
4 26 42
1 26 41
1 26 40
-1
1 26 39
2 24 42
6 18 42
2 19 42
2 20 42
2 21 42
2 22 42
2 23 42
2 25 42
-1
1 26 38
-1
-1
-1
-1
-1
-1
-1
-1
-1
-1
-1
-1
-1
-1
-1
-1
-1
-1
-1
-1
-1
-1
-1
-1
-1
-1
-1
-1
-1
-1
-1
-1
-1
-1
-1
-1
-1
-1
-1
-1
-1
-1
-1
-1
-1
-1
-1
-1
-1
-1
-1
-1
-1
-1
0 18 43
5 43 4
3 43 5
2 44 5
2 45 5
5 46 5
1 46 6
1 46 7
3 32 4
2 33 4
2 34 4
2 35 4
2 36 4
2 37 4
2 38 4
2 39 4
2 40 4
2 41 4
2 27 3
2 28 3
2 29 3
2 30 3
2 31 3
2 21 3
2 22 3
2 23 3
2 24 3
2 25 3
2 26 3
2 18 3
2 19 3
2 20 3
5 32 3
2 42 4
-1
-1
-1
-1
0 17 3
2 14 43
2 15 43
2 16 43
2 17 43
1 12 35
1 12 36
3 12 37
5 13 37
1 13 38
1 13 39
1 13 40
1 13 41
1 13 42
3 13 43
-1
-1
-1
-1
0 12 34
2 9 36
2 10 36
4 11 36
1 11 35
6 11 34
-1
-1
-1
-1
-1
-1
-1
0 8 36
1 47 5
1 47 6
1 47 7
4 47 8
-1
-1
-1
-1
-1
-1
0 47 4
-1
-1
-1
-1
-1
-1
-1
0 41 25
1 8 42
1 8 41
1 8 40
1 8 39
1 8 38
1 8 37
-1
0 8 43
1 8 34
1 8 35
2 5 31
2 6 31
2 7 31
5 8 31
1 8 32
1 3 27
3 3 28
5 4 28
1 4 29
1 4 30
3 4 31
1 8 33
0 3 26
3 20 7
5 20 6
2 19 6
3 18 6
1 18 5
5 18 4
3 17 4
5 23 15
2 22 15
3 21 15
1 21 14
1 21 13
1 21 12
1 21 11
1 21 10
1 21 9
1 21 8
5 21 7
0 23 16
6 15 3
2 16 3
0 15 4
1 45 26
5 45 25
2 44 25
2 43 25
2 42 25
0 45 27
3 19 45
1 19 44
5 19 43
0 20 45
0 26 38
1 11 2
1 11 3
3 11 4
2 12 4
2 13 4
2 14 4
0 11 1
0 25 42
0 23 42
3 24 37
5 25 37
3 25 38
0 24 36
2 22 36
2 23 36
0 21 36
2 20 36
0 19 36
-1
0 42 4
-1
-1
0 19 37
2 38 2
5 39 2
3 39 3
2 40 3
2 41 3
5 42 3
0 37 2
0 42 10
2 5 1
2 6 1
2 7 1
2 8 1
2 9 1
2 10 1
0 4 1
0 41 14
5 5 3
3 4 3
1 4 2
0 5 4
5 8 4
2 7 4
2 6 4
0 8 5
1 8 6
0 8 7
5 10 7
2 9 7
0 10 8
5 29 43
2 28 43
2 27 43
2 26 43
3 25 43
0 29 44
0 32 3
5 33 11
3 33 12
5 34 12
1 34 13
3 34 14
2 35 14
2 36 14
2 37 14
2 38 14
2 39 14
2 40 14
0 32 11
5 27 10
3 27 11
2 28 11
2 29 11
2 30 11
2 31 11
0 26 10
5 19 32
1 19 33
1 19 34
1 19 35
0 18 32
4 7 11
6 7 10
4 8 10
1 8 9
1 8 8
0 6 11
2 47 27
2 46 27
0 48 27
2 5 11
0 4 11
1 4 15
1 4 14
1 4 13
1 4 12
0 4 16
3 30 36
5 30 35
2 29 35
3 28 35
5 28 34
0 31 36
0 31 31
0 32 31
3 44 15
5 44 14
2 43 14
2 42 14
0 45 15
0 41 29
1 26 9
0 26 8
1 26 6
1 26 7
0 26 5
6 4 43
2 5 43
2 6 43
2 7 43
0 4 44
1 19 29
4 19 30
6 18 30
1 18 31
0 19 28
1 4 46
1 4 45
0 4 47
0 41 20
2 36 15
2 35 15
2 34 15
3 33 15
5 33 14
3 32 14
1 32 13
1 32 12
0 37 15
0 8 33
6 4 33
2 5 33
2 6 33
2 7 33
0 4 34
0 4 31
1 40 21
6 40 20
0 40 22
0 13 43
5 15 46
2 14 46
3 13 46
1 13 45
1 13 44
0 15 47
1 32 2
0 32 1
2 33 34
2 32 34
6 31 34
1 31 35
0 34 34
1 34 38
1 34 37
1 34 36
1 34 35
0 34 39
2 36 39
2 35 39
0 37 39
1 48 8
1 48 7
1 48 6
1 48 5
5 48 4
0 48 9
4 19 2
2 18 2
6 17 2
0 19 1
0 20 3
2 30 44
0 31 44
0 27 31
2 2 44
2 3 44
0 1 44
2 8 16
2 7 16
2 6 16
2 5 16
0 9 16
4 9 20
1 9 19
1 9 18
1 9 17
0 8 20
2 7 21
4 8 21
0 6 21
1 9 31
1 9 32
4 9 33
0 9 30
3 0 26
2 1 26
2 2 26
0 0 25
4 48 30
1 48 29
1 48 28
0 47 30
2 3 48
4 4 48
0 2 48
6 44 32
2 45 32
4 46 32
6 46 31
4 47 31
0 44 33
1 44 36
1 44 35
1 44 34
0 44 37
2 46 37
2 45 37
0 47 37
0 21 7
2 39 5
2 40 5
2 41 5
4 42 5
0 38 5
2 13 47
2 14 47
0 12 47
2 11 47
0 10 47
0 26 3
5 21 28
2 20 28
0 21 29
2 45 20
2 44 20
2 43 20
2 42 20
0 46 20
6 36 26
2 37 26
4 38 26
6 38 25
2 39 25
2 40 25
0 36 27
1 35 26
3 35 27
0 35 25
2 31 25
2 32 25
2 33 25
2 34 25
0 30 25
3 26 24
2 27 24
5 28 24
3 28 25
2 29 25
0 26 23
1 27 22
4 27 23
0 27 21
1 2 36
1 2 35
6 2 34
2 3 34
0 2 37
6 16 40
4 17 40
6 17 39
4 18 39
1 18 38
6 18 37
0 16 41
2 29 13
2 28 13
2 27 13
3 26 13
1 26 12
1 26 11
0 30 13
5 12 10
3 11 10
5 11 9
3 10 9
0 12 11
5 30 5
2 29 5
2 28 5
2 27 5
0 30 6
3 35 45
5 35 44
2 34 44
2 33 44
2 32 44
0 36 45
2 7 26
2 6 26
2 5 26
2 4 26
0 8 26
1 30 47
1 30 46
5 30 45
3 29 45
0 30 48
6 34 9
4 34 10
2 33 10
6 32 10
0 35 9
5 17 23
1 17 24
1 17 25
1 17 26
3 17 27
5 18 27
3 18 28
0 16 23
1 16 22
0 16 21
6 41 44
4 41 45
2 40 45
2 39 45
2 38 45
2 37 45
0 42 44
3 13 35
5 13 34
0 14 35
-1
-1
-1
-1
-1
-1
-1
-1
-1
-1
-1
-1
-1
-1
-1
-1
-1
-1
-1
-1
-1
-1
-1
-1
-1
-1
-1
-1
-1
-1
-1
-1
-1
-1
-1
-1
-1
-1
-1
-1
-1
-1
-1
-1
-1
-1
-1
-1
-1
-1
-1
-1
-1
-1
-1
-1
-1
-1
-1
-1
-1
-1
-1
-1
-1
-1
-1
-1
-1
-1
-1
-1
-1
-1
-1
-1
-1
-1
-1
-1
-1
-1
-1
-1
-1
-1
-1
-1
-1
-1
-1
-1
-1
-1
-1
-1
-1
-1
-1
-1
-1
-1
-1
-1
-1
-1
-1
-1
-1
-1
-1
-1
-1
-1
-1
-1
-1
-1
-1
-1
-1
-1
-1
-1
-1
-1
-1
-1
-1
-1
-1
-1
-1
-1
-1
-1
-1
-1
-1
-1
-1
-1
-1
-1
-1
-1
-1
-1
-1
-1
-1
-1
-1
-1
-1
-1
-1
-1
-1
-1
-1
-1
-1
-1
-1
-1
-1
-1
-1
-1
-1
-1
-1
-1
-1
-1
-1
-1
-1
-1
-1
-1
-1
-1
-1
-1
-1
-1
-1
-1
