# 192811
# 190020
# 184883
# 184932
# yaki_cnt = 1054790
# real_sz = 54
0 10 16
2 14 17
3 13 17
5 13 16
2 12 16
2 11 16
2 19 17
2 18 17
2 17 17
2 16 17
2 31 17
2 30 17
2 29 17
2 28 17
2 27 17
2 26 17
2 25 17
2 24 17
2 23 17
2 22 17
2 21 17
2 36 17
2 35 17
2 34 17
2 33 17
2 38 18
3 37 18
5 37 17
2 32 17
1 39 19
5 39 18
2 20 17
2 15 17
0 39 20
4 43 15
2 42 15
6 41 15
4 41 16
6 40 16
1 40 17
1 40 18
1 40 19
4 40 20
-1
-1
-1
-1
-1
-1
-1
0 43 14
1 40 26
1 40 25
1 40 24
5 40 23
3 39 23
1 39 22
1 39 21
1 40 32
1 40 31
1 40 30
1 40 29
1 40 28
1 40 40
1 40 39
1 40 38
1 40 37
1 40 36
1 40 35
1 40 34
1 40 33
1 40 27
2 42 41
2 41 41
2 47 42
2 46 42
2 45 42
2 44 42
3 43 42
5 43 41
3 40 41
-1
-1
-1
-1
-1
-1
-1
-1
-1
-1
-1
-1
-1
-1
-1
-1
-1
-1
-1
-1
-1
-1
-1
-1
-1
-1
-1
-1
0 48 42
1 9 18
6 9 17
4 10 17
6 6 24
2 7 24
2 8 24
4 9 24
1 9 23
1 9 22
1 9 21
1 9 20
1 9 19
-1
-1
-1
-1
-1
-1
-1
-1
-1
-1
-1
-1
-1
-1
-1
-1
-1
-1
0 6 25
-1
-1
-1
-1
-1
-1
-1
-1
-1
-1
-1
-1
-1
-1
-1
-1
-1
-1
0 15 17
-1
-1
-1
-1
-1
-1
-1
-1
-1
-1
-1
-1
-1
-1
-1
-1
-1
0 40 41
5 10 13
1 10 14
1 10 15
5 3 11
1 3 12
3 3 13
2 4 13
2 5 13
2 6 13
2 7 13
2 8 13
2 9 13
1 2 6
1 2 7
1 2 8
1 2 9
1 2 10
3 2 11
-1
-1
0 2 5
2 7 28
3 6 28
1 6 27
1 6 26
2 9 28
2 8 28
-1
-1
-1
-1
-1
-1
-1
0 10 28
1 40 42
1 36 44
6 36 43
2 37 43
2 38 43
2 39 43
4 40 43
-1
-1
-1
-1
-1
0 36 45
6 19 46
2 20 46
4 21 46
6 21 45
2 22 45
2 23 45
2 24 45
2 25 45
2 26 45
2 27 45
2 28 45
2 29 45
2 30 45
2 31 45
2 32 45
2 33 45
2 34 45
2 35 45
0 19 47
2 13 10
5 14 10
3 14 11
5 15 11
1 15 12
1 15 13
1 15 14
1 15 15
1 15 16
0 12 10
2 15 2
2 14 2
6 13 2
1 13 3
1 13 4
1 13 5
4 13 6
6 12 6
1 12 7
1 12 8
1 12 9
0 16 2
4 22 2
2 21 2
2 20 2
2 19 2
2 18 2
2 17 2
0 22 1
2 12 47
2 13 47
2 14 47
2 15 47
2 16 47
2 17 47
2 18 47
0 11 47
3 46 41
2 47 41
5 48 41
-1
-1
-1
-1
0 46 40
1 46 39
1 46 31
1 46 32
1 46 33
1 46 34
1 46 35
1 46 36
1 46 37
1 46 38
0 46 30
5 15 30
3 14 30
5 14 29
3 13 29
5 13 28
2 12 28
2 11 28
0 15 31
2 45 14
2 44 14
-1
0 46 14
4 45 18
1 45 17
1 45 16
6 45 15
4 46 15
4 44 22
1 44 21
1 44 20
1 44 19
6 44 18
0 43 22
0 2 11
-1
-1
-1
-1
0 40 27
1 47 32
1 47 31
5 47 30
-1
0 47 33
6 19 44
4 19 45
2 18 45
2 17 45
6 16 45
4 16 46
2 15 46
2 14 46
2 13 46
2 12 46
6 11 46
0 20 44
0 20 17
-1
0 8 28
-1
-1
-1
0 44 18
-1
-1
-1
0 39 18
-1
-1
-1
-1
0 32 17
-1
-1
-1
0 9 13
1 43 12
1 43 13
-1
0 43 11
5 11 5
1 11 6
1 11 7
1 11 8
1 11 9
3 11 10
0 10 5
0 37 17
-1
-1
-1
0 20 43
-1
-1
-1
0 40 33
1 32 16
-1
-1
0 32 15
-1
-1
0 43 41
1 23 4
1 23 3
1 23 2
5 23 1
0 23 5
3 36 48
1 36 47
1 36 46
0 37 48
1 15 33
1 15 32
0 15 34
5 43 7
1 43 8
1 43 9
1 43 10
0 42 7
4 23 8
1 23 7
1 23 6
0 22 8
0 40 43
1 22 10
1 22 9
0 22 11
-1
-1
0 46 38
1 42 3
1 42 4
1 42 5
1 42 6
0 42 2
5 16 38
3 15 38
1 15 37
1 15 36
1 15 35
0 16 39
4 48 8
6 47 8
4 47 9
6 46 9
1 46 10
4 46 11
2 45 11
2 44 11
0 48 7
1 32 24
1 32 23
1 32 22
1 32 21
1 32 20
1 32 19
1 32 18
0 32 25
0 9 19
2 28 26
2 29 26
4 30 26
6 30 25
2 31 25
0 27 26
6 26 26
0 26 27
2 32 5
2 31 5
2 30 5
2 29 5
2 28 5
2 27 5
2 26 5
2 25 5
2 24 5
0 33 5
3 9 45
5 10 45
1 10 46
3 10 47
0 9 44
-1
-1
-1
-1
-1
-1
-1
-1
-1
-1
-1
-1
-1
-1
-1
-1
-1
-1
-1
-1
-1
-1
-1
-1
-1
-1
-1
-1
-1
-1
-1
-1
-1
-1
-1
-1
-1
-1
-1
-1
-1
-1
-1
-1
-1
-1
-1
-1
-1
-1
-1
-1
-1
-1
-1
-1
-1
-1
-1
-1
-1
-1
-1
-1
-1
-1
-1
-1
-1
-1
-1
-1
-1
-1
-1
-1
-1
-1
-1
-1
-1
-1
-1
-1
-1
-1
-1
-1
-1
-1
-1
-1
-1
-1
-1
-1
-1
-1
-1
-1
-1
-1
-1
-1
-1
-1
-1
-1
-1
-1
-1
-1
-1
-1
-1
-1
-1
-1
-1
-1
-1
-1
-1
-1
-1
-1
-1
-1
-1
-1
-1
-1
-1
-1
-1
-1
-1
-1
-1
-1
-1
-1
-1
-1
-1
-1
-1
-1
-1
-1
-1
-1
-1
-1
-1
-1
-1
-1
-1
-1
-1
-1
-1
-1
-1
-1
-1
-1
-1
-1
-1
-1
-1
-1
-1
-1
-1
-1
-1
-1
-1
-1
-1
-1
-1
-1
-1
-1
-1
-1
-1
-1
-1
-1
-1
-1
-1
-1
-1
-1
-1
-1
-1
-1
-1
-1
-1
-1
-1
-1
-1
-1
-1
-1
-1
-1
-1
-1
-1
-1
-1
-1
-1
-1
-1
-1
-1
-1
-1
-1
-1
-1
-1
-1
-1
-1
-1
-1
-1
-1
-1
-1
-1
-1
-1
-1
-1
-1
-1
-1
-1
-1
-1
-1
-1
-1
-1
-1
-1
-1
-1
-1
-1
-1
-1
-1
-1
-1
-1
-1
-1
-1
-1
-1
-1
-1
-1
-1
-1
-1
-1
-1
-1
-1
-1
-1
-1
-1
-1
-1
-1
-1
-1
-1
-1
-1
-1
-1
-1
-1
-1
-1
-1
-1
-1
-1
-1
-1
-1
-1
-1
-1
-1
-1
-1
-1
-1
-1
-1
-1
-1
-1
-1
-1
-1
-1
-1
