# start_size = 116
# yaki_cnt = 129320
# end_size = 116
# real_sz = 116
0 16 10
2 20 10
2 19 10
2 18 10
2 17 10
1 21 14
1 21 13
1 21 12
1 21 11
3 21 17
1 21 16
2 27 17
2 26 17
2 25 17
2 24 17
2 23 17
2 29 17
1 31 23
1 31 22
5 31 21
3 30 21
1 30 20
1 30 19
1 30 18
5 30 17
2 28 17
2 34 24
2 33 24
2 32 24
3 31 24
5 36 24
2 35 24
1 36 34
1 36 33
1 36 32
1 36 31
1 36 30
1 36 29
1 36 28
1 36 27
1 36 26
1 36 25
2 22 17
1 21 15
5 21 10
5 38 37
2 37 37
3 36 37
1 36 36
5 41 40
3 40 40
1 40 39
5 40 38
2 39 38
3 38 38
1 36 35
0 41 41
1 16 8
1 16 9
4 20 7
2 19 7
2 18 7
2 17 7
6 16 7
-1
-1
-1
-1
-1
-1
0 20 6
2 15 41
2 16 41
2 17 41
2 18 41
2 19 41
2 20 41
2 21 41
2 22 41
2 23 41
2 24 41
2 25 41
2 26 41
2 27 41
2 28 41
2 29 41
2 30 41
2 31 41
2 32 41
2 33 41
2 34 41
2 35 41
2 36 41
2 37 41
2 38 41
2 39 41
2 40 41
-1
-1
-1
-1
-1
-1
0 14 41
2 15 10
4 13 15
6 13 14
4 14 14
1 14 13
1 14 12
1 14 11
1 12 16
6 12 15
6 14 10
1 12 19
1 12 18
1 12 17
1 7 21
6 7 20
2 8 20
2 9 20
2 10 20
2 11 20
4 12 20
0 7 22
3 22 7
5 22 6
2 21 6
2 25 8
2 24 8
3 23 8
5 23 7
-1
-1
-1
-1
-1
0 26 8
-1
-1
-1
-1
-1
-1
-1
-1
0 36 35
-1
-1
-1
-1
-1
-1
0 12 20
-1
-1
-1
-1
-1
-1
0 21 10
2 38 32
6 37 32
1 37 33
1 37 34
4 37 35
4 40 31
6 39 31
4 39 32
0 40 30
2 8 19
2 7 19
6 6 19
1 6 20
1 6 21
3 6 22
0 9 19
1 26 6
1 26 7
4 37 5
2 36 5
2 35 5
2 34 5
2 33 5
2 32 5
2 31 5
2 30 5
2 29 5
2 28 5
2 27 5
6 26 5
1 37 2
1 37 3
1 37 4
0 37 1
2 11 40
5 12 40
3 12 41
2 13 41
0 10 40
1 22 4
4 22 5
2 21 5
6 20 5
0 22 3
1 12 22
1 12 21
0 12 23
2 42 30
2 41 30
0 43 30
2 44 41
2 43 41
2 42 41
0 45 41
6 5 18
2 6 18
2 7 18
2 8 18
5 9 18
0 5 19
6 4 13
1 4 14
1 4 15
1 4 16
1 4 17
1 4 18
3 4 19
0 5 13
0 37 4
1 38 10
1 38 9
1 38 8
1 38 7
1 38 6
1 38 5
5 38 4
0 38 11
2 39 11
0 40 11
2 42 11
2 41 11
0 43 11
1 38 15
1 38 14
1 38 13
1 38 12
0 38 16
1 10 43
1 10 42
1 10 41
0 10 44
1 44 43
6 44 42
4 45 42
0 44 44
2 11 44
0 12 44
1 3 24
6 3 23
2 4 23
2 5 23
2 6 23
4 7 23
0 3 25
2 15 44
2 14 44
2 13 44
0 16 44
2 18 44
2 17 44
0 19 44
4 24 44
2 23 44
2 22 44
2 21 44
2 20 44
0 24 43
2 24 40
2 23 40
2 22 40
2 21 40
2 20 40
2 19 40
2 18 40
2 17 40
2 16 40
2 15 40
6 14 40
0 25 40
0 43 29
0 23 7
2 13 35
2 12 35
6 11 35
1 11 36
1 11 37
4 11 38
6 10 38
1 10 39
0 14 35
6 24 1
4 24 2
2 23 2
6 22 2
0 25 1
2 27 1
2 26 1
0 28 1
2 9 40
0 8 40
1 42 47
6 42 46
2 43 46
4 44 46
1 44 45
0 42 48
3 38 48
2 39 48
2 40 48
2 41 48
0 38 47
0 21 15
0 22 17
1 37 46
3 37 47
0 37 45
0 12 17
4 42 16
2 41 16
2 40 16
2 39 16
0 42 15
1 43 18
1 43 17
1 43 16
5 43 15
0 43 19
3 16 5
5 17 5
3 17 6
2 18 6
2 19 6
0 16 4
0 16 7
0 26 9
0 26 5
2 14 7
2 15 7
0 13 7
4 3 29
1 3 28
1 3 27
1 3 26
0 2 29
3 23 12
1 23 11
5 23 10
2 22 10
0 24 12
2 28 12
2 27 12
2 26 12
2 25 12
0 29 12
1 38 20
1 38 19
1 38 18
1 38 17
0 38 21
0 36 25
2 27 43
2 26 43
2 25 43
0 28 43
4 28 46
1 28 45
1 28 44
0 27 46
0 35 24
5 18 12
2 17 12
3 16 12
1 16 11
0 18 13
2 32 43
2 31 43
2 30 43
2 29 43
0 33 43
3 13 26
1 13 25
5 13 24
3 12 24
0 14 26
5 21 0
1 21 1
1 21 2
3 21 3
0 20 0
5 11 5
3 11 6
2 12 6
5 13 6
0 10 5
4 18 16
1 18 15
1 18 14
0 17 16
6 29 46
4 29 47
2 28 47
3 27 47
0 30 46
0 31 24
1 45 21
1 45 20
5 45 19
2 44 19
0 45 22
0 46 22
1 35 37
1 35 36
6 35 35
0 35 38
0 38 38
1 43 33
1 43 32
1 43 31
0 43 34
5 45 34
2 44 34
0 45 35
4 48 35
2 47 35
2 46 35
0 48 34
0 28 17
0 30 17
5 25 13
3 24 13
0 25 14
3 2 36
1 2 35
1 2 34
1 2 33
1 2 32
1 2 31
1 2 30
0 3 36
1 33 26
5 33 25
2 32 25
3 31 25
0 33 27
5 40 21
2 39 21
0 40 22
6 46 16
1 46 17
1 46 18
1 46 19
1 46 20
1 46 21
0 47 16
2 32 12
2 31 12
2 30 12
0 33 12
5 4 10
3 4 11
5 5 11
1 5 12
0 3 10
6 5 8
4 5 9
2 4 9
6 3 9
0 6 8
1 0 7
1 0 8
1 0 9
3 0 10
2 1 10
2 2 10
0 0 6
0 14 10
2 30 40
2 29 40
2 28 40
2 27 40
2 26 40
0 31 40
0 12 15
1 20 46
5 20 45
3 19 45
0 20 47
6 18 47
2 19 47
0 18 48
1 33 32
1 33 31
1 33 30
1 33 29
1 33 28
0 33 33
2 16 48
2 17 48
0 15 48
4 31 35
1 31 34
6 31 33
2 32 33
0 30 35
6 28 35
2 29 35
0 28 36
1 28 33
3 28 34
2 29 34
5 30 34
0 28 32
4 15 23
2 14 23
2 13 23
0 15 22
6 10 25
4 11 25
1 11 24
6 11 23
0 10 26
5 43 27
1 43 28
0 42 27
1 10 31
1 10 30
1 10 29
1 10 28
1 10 27
0 10 32
2 8 32
2 9 32
0 7 32
2 47 44
2 46 44
2 45 44
0 48 44
5 28 27
1 28 28
1 28 29
1 28 30
1 28 31
0 27 27
2 24 26
5 25 26
3 25 27
2 26 27
0 23 26
1 26 23
3 26 24
5 27 24
1 27 25
1 27 26
0 26 22
0 48 45
2 30 9
2 29 9
2 28 9
2 27 9
0 31 9
1 18 38
1 18 37
5 18 36
2 17 36
2 16 36
2 15 36
3 14 36
0 18 39
1 19 38
4 19 39
0 19 37
2 48 25
2 47 25
3 46 25
1 46 24
1 46 23
0 49 25
0 39 32
1 10 46
1 10 45
0 10 47
1 6 2
1 6 3
1 6 4
1 6 5
1 6 6
1 6 7
0 6 1
4 48 8
2 47 8
2 46 8
2 45 8
6 44 8
1 44 9
1 44 10
4 44 11
0 48 7
2 2 40
4 3 40
1 3 39
1 3 38
1 3 37
0 1 40
2 4 47
2 5 47
2 6 47
2 7 47
2 8 47
2 9 47
0 3 47
4 19 22
2 18 22
2 17 22
2 16 22
0 19 21
-1
-1
-1
-1
-1
-1
-1
-1
-1
-1
-1
-1
-1
-1
-1
-1
-1
-1
-1
-1
-1
-1
-1
-1
-1
-1
-1
-1
-1
-1
-1
-1
-1
-1
-1
-1
-1
-1
-1
-1
-1
-1
-1
-1
-1
-1
-1
-1
-1
-1
-1
-1
-1
-1
-1
-1
-1
-1
-1
-1
-1
-1
-1
-1
-1
-1
-1
-1
-1
-1
-1
-1
-1
-1
-1
-1
-1
-1
-1
-1
-1
-1
-1
-1
-1
-1
-1
-1
-1
-1
-1
-1
-1
-1
-1
-1
-1
-1
-1
-1
-1
-1
-1
-1
-1
-1
-1
-1
-1
-1
-1
-1
-1
-1
-1
-1
-1
-1
-1
-1
-1
-1
-1
-1
-1
-1
-1
-1
-1
-1
-1
-1
-1
-1
-1
-1
-1
-1
-1
-1
-1
-1
-1
-1
-1
-1
-1
-1
-1
-1
-1
-1
-1
-1
-1
-1
-1
-1
-1
-1
-1
-1
-1
-1
-1
-1
-1
-1
-1
-1
-1
-1
-1
-1
