# yaki_cnt = 3920
0 31 39
2 32 39
2 33 39
2 34 39
2 35 39
2 37 39
4 38 39
6 38 38
1 39 37
1 39 36
1 39 35
4 39 38
6 39 33
2 40 33
2 41 33
2 43 33
2 44 33
2 42 33
1 45 32
1 45 31
2 46 30
6 45 30
4 45 33
1 47 29
1 47 28
1 47 26
1 47 25
1 47 27
4 47 30
1 39 34
1 47 23
1 47 22
1 47 20
1 47 19
1 47 17
1 47 15
1 47 16
1 47 13
1 47 12
1 47 10
1 47 11
1 47 14
1 47 18
1 47 21
1 47 24
2 36 39
1 47 8
1 47 7
1 47 6
1 47 5
1 47 9
0 47 4
2 30 38
2 29 38
2 28 38
5 31 38
0 27 38
1 27 37
2 26 36
2 25 36
2 24 36
5 27 36
2 22 36
2 21 36
2 20 36
2 18 36
2 17 36
2 16 36
2 19 36
2 14 36
2 13 36
2 15 36
2 11 36
2 10 36
2 9 36
3 8 36
2 12 36
2 23 36
3 7 35
5 7 34
2 6 34
5 5 33
3 4 33
5 4 32
3 5 34
5 8 35
0 3 32
1 47 3
1 47 2
0 47 1
4 27 39
2 26 39
0 25 39
6 3 31
4 4 31
1 4 30
1 4 27
4 5 26
6 5 25
6 4 26
1 4 28
1 4 29
0 6 25
0 8 35
0 47 20
1 8 34
1 8 33
6 8 32
4 9 32
0 9 31
0 47 9
2 30 39
1 29 40
6 29 39
0 29 41
0 5 34
2 48 1
0 49 1
0 47 24
1 6 24
1 6 23
0 6 22
2 7 25
0 8 25
0 23 36
6 46 4
4 46 5
0 45 5
2 44 5
2 43 5
2 42 5
2 41 5
2 40 5
2 39 5
0 38 5
2 37 5
2 36 5
2 35 5
2 34 5
2 33 5
2 32 5
0 31 5
0 39 34
0 4 29
2 46 20
2 45 20
2 44 20
2 43 20
0 42 20
0 22 36
0 4 28
0 47 30
4 45 6
2 44 6
0 43 6
0 39 38
0 45 33
0 27 36
0 42 6
2 45 1
2 44 1
2 46 1
0 43 1
2 38 34
2 37 34
0 36 34
0 47 14
1 42 19
0 42 18
1 31 6
0 31 7
2 5 22
0 4 22
1 36 33
0 36 32
0 12 36
2 30 7
2 29 7
2 27 7
2 26 7
2 25 7
2 28 7
0 24 7
1 12 37
2 11 38
2 10 38
2 9 38
4 12 38
0 8 38
0 42 33
1 42 7
0 42 8
2 23 7
0 22 7
0 4 26
1 22 8
6 21 9
1 21 10
1 21 11
1 21 12
4 22 9
0 21 13
1 36 31
1 36 30
0 36 29
0 36 28
0 35 28
5 22 13
1 22 14
0 22 15
2 23 15
2 24 15
0 25 15
2 3 28
2 2 28
0 1 28
2 41 20
2 40 20
0 39 20
6 36 26
4 37 26
1 36 27
0 37 25
0 46 9
0 42 9
0 22 9
1 39 21
0 39 22
0 43 2
0 35 39
5 38 25
0 38 26
2 26 15
2 27 15
0 28 15
2 29 15
2 30 15
2 31 15
0 32 15
1 8 39
1 8 40
1 8 41
1 8 42
1 8 43
1 8 44
1 8 46
1 8 45
0 8 47
0 34 28
1 38 4
0 38 3
1 25 40
1 25 41
4 25 42
0 24 42
2 30 41
2 31 41
5 32 41
0 32 42
2 46 33
0 47 33
0 45 30
0 27 35
0 39 3
0 48 4
2 28 35
2 29 35
0 30 35
0 42 21
0 47 27
0 27 34
0 33 42
2 39 26
2 40 26
0 41 26
2 46 24
2 45 24
0 44 24
0 28 14
6 8 24
4 9 24
0 9 23
0 17 36
0 12 38
1 28 16
1 28 17
0 28 18
0 47 21
1 9 22
1 9 21
0 9 20
0 7 38
0 15 36
0 32 16
1 7 39
1 7 40
0 7 41
1 29 42
1 29 43
0 29 44
0 47 18
0 47 15
2 7 47
2 6 47
0 5 47
2 48 9
0 49 9
2 9 47
2 10 47
2 11 47
0 12 47
1 9 19
0 9 18
2 6 41
0 5 41
1 30 34
1 30 33
6 30 32
4 31 32
0 31 31
0 28 19
0 35 5
0 12 48
1 39 19
1 39 18
0 39 17
5 35 38
3 34 38
0 34 37
1 32 14
0 32 13
1 17 37
1 17 38
0 17 39
0 4 25
0 8 44
0 32 12
5 39 16
0 38 16
0 38 15
2 4 47
2 3 47
0 2 47
0 38 14
1 38 13
0 38 12
1 12 35
1 12 34
0 12 33
0 8 48
2 23 42
2 22 42
0 21 42
2 41 8
0 40 8
0 28 7
0 8 31
2 4 41
2 3 41
2 2 41
0 1 41
2 3 22
0 2 22
1 28 8
0 28 9
1 1 40
0 1 39
1 31 4
0 31 3
1 28 6
0 28 5
1 2 46
0 2 45
2 30 3
0 29 3
5 45 29
2 44 29
0 43 29
1 42 10
1 42 11
0 42 12
0 12 49
0 7 31
2 10 18
2 11 18
2 12 18
2 13 18
0 14 18
0 45 20
0 37 39
1 12 39
0 12 40
2 20 13
2 19 13
2 18 13
0 17 13
1 17 12
0 17 11
2 38 20
0 37 20
1 17 10
0 17 9
2 48 27
0 49 27
4 21 43
6 20 43
4 20 44
0 19 44
0 2 39
1 12 41
0 12 42
1 14 19
1 14 20
0 14 21
1 8 26
0 8 27
0 47 11
2 2 33
4 3 33
0 1 33
6 18 44
1 18 45
1 18 46
0 18 47
0 13 42
0 12 18
0 38 11
2 19 47
2 20 47
0 21 47
1 33 43
1 33 44
0 33 45
1 12 32
1 12 31
0 12 30
2 15 18
0 16 18
2 15 21
2 16 21
2 17 21
2 18 21
0 19 21
1 19 22
1 19 23
0 19 24
1 35 6
1 35 7
0 35 8
1 17 8
0 17 7
1 28 20
1 28 21
0 28 22
0 43 0
0 18 24
2 29 22
2 30 22
0 31 22
0 32 22
2 36 20
0 35 20
1 32 23
1 32 24
0 32 25
2 13 30
2 14 30
2 15 30
0 16 30
2 17 30
2 18 30
0 19 30
2 48 33
0 49 33
2 16 7
2 15 7
0 14 7
0 34 42
0 14 22
1 21 41
0 21 40
0 4 21
0 33 46
0 33 47
1 27 33
0 27 32
0 43 12
0 28 44
1 38 2
0 38 1
0 0 28
1 27 31
1 27 30
0 27 29
2 32 47
0 31 47
2 26 29
2 25 29
2 24 29
0 23 29
1 23 28
1 23 27
0 23 26
1 16 31
0 16 32
0 32 11
0 12 46
0 40 38
2 41 38
2 42 38
0 43 38
1 25 14
1 25 13
0 25 12
0 5 48
0 42 17
2 16 11
2 15 11
0 14 11
1 17 6
1 17 5
0 17 4
0 19 20
1 22 16
1 22 17
0 22 18
2 18 4
2 19 4
0 20 4
0 21 4
1 35 19
0 35 18
6 21 46
0 22 46
0 19 36
0 28 36
2 35 34
2 34 34
0 33 34
2 9 27
0 10 27
2 11 27
2 12 27
2 13 27
0 14 27
1 4 20
1 4 19
1 4 18
0 4 17
2 3 17
2 2 17
2 1 17
0 0 17
1 43 39
1 43 40
1 43 41
1 43 42
0 43 43
0 43 44
1 4 16
1 4 15
0 4 14
0 31 25
1 23 25
6 23 24
0 24 24
2 42 29
6 41 29
4 41 30
0 40 30
0 11 42
1 45 34
0 45 35
1 19 29
0 19 28
2 46 15
0 45 15
1 49 34
1 49 35
0 49 36
0 25 42
0 39 36
2 13 7
2 12 7
0 11 7
1 17 14
0 17 15
6 4 34
1 4 35
0 4 36
0 49 8
1 12 17
0 12 16
1 28 45
1 28 46
1 28 47
0 28 48
1 20 3
1 20 2
1 20 1
0 20 0
0 36 31
6 27 28
4 28 28
0 28 27
0 37 24
2 10 7
0 9 7
2 35 42
2 36 42
0 37 42
1 9 8
1 9 9
0 9 10
1 9 11
1 9 12
0 9 13
1 18 48
0 18 49
0 47 22
1 24 23
1 24 22
0 24 21
1 43 45
1 43 46
1 43 47
0 43 48
2 8 7
2 7 7
2 6 7
0 5 7
4 5 8
2 4 8
2 3 8
0 2 8
1 2 7
1 2 6
1 2 5
1 2 4
0 2 3
6 42 44
1 42 45
4 42 46
2 41 46
0 40 46
1 22 35
5 22 34
3 21 34
0 21 33
5 34 47
3 34 48
2 35 48
2 36 48
0 37 48
2 10 23
2 11 23
0 12 23
1 49 37
1 49 38
1 49 39
1 49 40
0 49 41
1 2 2
0 2 1
4 32 3
1 32 2
6 32 1
0 33 1
2 14 42
0 15 42
2 33 13
2 34 13
0 35 13
2 3 1
2 4 1
2 5 1
0 6 1
2 7 1
2 8 1
2 9 1
2 10 1
0 11 1
-1
-1
-1
-1
-1
-1
-1
-1
-1
-1
-1
-1
-1
-1
-1
-1
-1
-1
-1
-1
-1
-1
-1
-1
-1
-1
-1
-1
-1
-1
-1
-1
-1
-1
-1
-1
-1
-1
-1
-1
-1
-1
-1
-1
-1
-1
-1
-1
-1
-1
-1
-1
-1
-1
-1
-1
-1
-1
-1
-1
-1
-1
-1
-1
-1
-1
-1
-1
-1
-1
-1
-1
-1
-1
-1
-1
-1
-1
-1
-1
-1
-1
-1
-1
-1
-1
-1
-1
-1
-1
-1
-1
-1
-1
-1
-1
-1
-1
-1
-1
-1
-1
-1
-1
-1
-1
-1
-1
-1
-1
-1
-1
-1
-1
-1
-1
-1
-1
