# start_size = 75
# yaki_cnt = 126310
# end_size = 158
# real_sz = 156
0 37 29
1 37 33
1 37 32
1 37 31
1 37 30
1 37 36
1 37 35
1 37 40
1 37 39
1 37 38
1 37 37
1 37 34
0 37 41
-1
-1
1 37 44
-1
-1
-1
1 37 43
-1
-1
1 37 42
-1
-1
1 37 46
-1
-1
1 37 45
-1
-1
2 34 47
-1
-1
-1
2 35 47
-1
-1
2 36 47
-1
-1
2 29 47
-1
-1
2 30 47
-1
-1
-1
2 31 47
-1
-1
2 32 47
-1
-1
2 21 47
-1
-1
2 22 47
-1
-1
2 23 47
-1
-1
-1
2 24 47
-1
-1
2 25 47
-1
-1
2 26 47
-1
-1
2 27 47
-1
-1
-1
2 28 47
-1
-1
2 14 47
-1
-1
2 15 47
-1
-1
2 16 47
-1
-1
2 17 47
-1
-1
-1
2 18 47
-1
-1
2 19 47
-1
-1
2 20 47
-1
-1
4 8 48
-1
-1
-1
6 8 47
-1
-1
2 9 47
-1
-1
2 10 47
-1
-1
2 11 47
-1
-1
-1
2 12 47
-1
-1
2 13 47
-1
-1
2 33 47
-1
-1
2 5 48
-1
-1
2 6 48
-1
-1
-1
2 7 48
-1
-1
4 37 47
-1
-1
-1
-1
-1
-1
-1
-1
-1
-1
-1
-1
-1
-1
-1
-1
-1
-1
-1
-1
-1
-1
-1
-1
-1
-1
-1
-1
-1
-1
-1
-1
-1
-1
-1
-1
-1
-1
-1
-1
-1
-1
-1
-1
-1
-1
-1
-1
-1
-1
-1
-1
-1
-1
-1
-1
-1
-1
-1
-1
-1
-1
-1
-1
-1
-1
-1
-1
-1
-1
-1
-1
-1
-1
-1
-1
-1
-1
-1
-1
-1
-1
-1
-1
-1
-1
-1
-1
-1
-1
-1
-1
-1
-1
-1
-1
-1
-1
-1
-1
-1
-1
-1
-1
-1
-1
-1
-1
-1
-1
-1
-1
-1
-1
-1
-1
-1
-1
-1
-1
-1
-1
-1
-1
-1
-1
-1
-1
-1
-1
-1
-1
-1
-1
-1
-1
-1
-1
-1
-1
-1
-1
-1
-1
-1
-1
-1
-1
-1
-1
-1
-1
-1
-1
-1
-1
-1
-1
-1
-1
0 4 48
2 35 29
2 36 29
2 33 29
2 34 29
2 31 29
2 32 29
3 27 29
2 28 29
2 29 29
1 27 26
1 27 27
1 27 28
2 26 24
5 27 24
1 25 23
1 25 21
1 25 22
3 25 24
5 25 16
1 25 17
1 25 18
1 25 19
1 25 20
1 27 25
5 22 14
1 22 15
3 22 16
2 23 16
2 24 16
2 30 29
1 21 10
1 21 11
1 21 12
1 21 13
3 20 8
5 21 8
1 21 9
2 17 7
2 18 7
2 19 7
1 16 5
1 16 6
3 16 7
5 20 7
3 21 14
0 16 4
-1
-1
-1
-1
-1
-1
-1
-1
-1
-1
-1
0 21 14
5 40 41
2 39 41
2 38 41
1 40 43
1 40 46
1 40 45
1 40 44
1 40 42
-1
-1
0 40 47
2 13 4
2 14 4
2 15 4
2 10 4
2 11 4
2 12 4
1 9 5
6 6 7
4 7 7
6 7 6
2 8 6
4 9 6
6 9 4
0 6 8
1 38 31
1 38 30
5 38 29
3 39 37
5 39 36
3 38 36
1 38 35
1 38 34
1 38 33
1 38 32
0 40 37
0 30 29
-1
0 20 7
-1
-1
-1
0 37 34
-1
-1
-1
0 24 16
-1
-1
-1
0 37 47
-1
-1
0 27 25
5 4 46
1 4 47
-1
0 3 46
-1
-1
0 9 4
1 3 44
1 3 45
0 3 43
-1
0 25 20
-1
-1
0 32 29
-1
0 7 48
2 6 4
2 7 4
2 8 4
0 5 4
2 3 4
2 4 4
0 2 4
1 5 2
1 5 3
0 5 1
0 33 47
2 6 1
0 7 1
0 13 47
1 32 27
1 32 28
0 32 26
0 32 25
0 20 47
0 32 24
0 40 42
-1
0 28 47
-1
0 2 5
0 33 46
-1
0 37 45
2 34 24
2 33 24
0 35 24
0 12 4
2 9 1
2 8 1
0 10 1
0 25 24
1 35 22
1 35 23
0 35 21
1 28 46
0 28 45
0 16 7
1 16 8
0 16 9
2 14 9
2 15 9
0 13 9
2 41 42
0 42 42
1 6 10
1 6 9
0 6 11
0 12 9
0 9 6
4 36 21
0 36 20
0 36 19
2 5 11
0 4 11
1 4 13
1 4 12
0 4 14
2 7 14
2 6 14
2 5 14
0 8 14
0 34 29
4 4 18
1 4 17
1 4 16
1 4 15
0 3 18
1 3 22
1 3 21
1 3 20
1 3 19
0 3 23
0 3 24
0 2 18
5 10 14
2 9 14
0 10 15
2 11 15
0 12 15
1 36 17
1 36 18
0 36 16
1 36 11
1 36 12
1 36 13
1 36 14
1 36 15
0 36 10
2 38 10
2 37 10
0 39 10
1 39 8
1 39 9
0 39 7
0 35 16
0 11 9
2 42 7
2 41 7
2 40 7
0 43 7
0 3 42
0 43 42
0 17 9
1 3 40
1 3 41
0 3 39
0 3 38
2 36 41
0 35 41
2 4 42
0 5 42
5 34 40
3 34 41
0 33 40
0 32 40
2 33 10
2 34 10
2 35 10
0 32 10
1 32 8
1 32 9
0 32 7
1 32 5
1 32 6
0 32 4
0 31 40
0 44 42
0 38 32
1 34 30
0 34 31
0 2 46
2 30 10
2 31 10
0 29 10
1 32 37
1 32 38
1 32 39
0 32 36
0 37 37
2 41 32
2 40 32
2 39 32
0 42 32
2 17 2
6 16 2
1 16 3
0 18 2
0 27 28
1 42 30
1 42 31
0 42 29
2 20 2
2 19 2
0 21 2
0 41 47
2 34 16
0 33 16
1 3 35
1 3 36
1 3 37
0 3 34
2 2 34
0 1 34
2 27 10
2 28 10
0 26 10
1 30 30
0 30 31
0 21 9
2 45 42
0 46 42
2 5 34
2 4 34
0 6 34
0 37 48
1 11 10
0 11 11
0 40 44
6 4 22
4 4 23
0 5 22
0 20 14
2 18 14
2 19 14
0 17 14
5 14 16
2 13 16
3 12 16
0 14 17
3 14 19
1 14 18
0 15 19
1 15 20
0 15 21
1 43 40
1 43 41
0 43 39
6 7 46
1 7 47
0 8 46
0 44 7
1 44 8
0 44 9
1 44 10
0 44 11
2 25 2
2 24 2
2 23 2
2 22 2
0 26 2
1 3 33
0 3 32
1 3 31
0 3 30
2 11 1
0 12 1
1 26 11
0 26 12
1 20 16
1 20 15
0 20 17
2 42 47
0 43 47
1 20 19
1 20 18
0 20 20
1 20 45
1 20 46
0 20 44
4 21 43
6 20 43
0 21 42
1 42 33
0 42 34
2 44 34
2 43 34
0 45 34
0 25 22
1 44 3
1 44 4
1 44 5
1 44 6
0 44 2
3 39 12
1 39 11
0 40 12
2 31 16
2 32 16
0 30 16
0 47 42
2 47 2
2 46 2
2 45 2
0 48 2
2 24 28
2 25 28
2 26 28
0 23 28
2 21 28
2 22 28
0 20 28
2 43 29
0 44 29
5 41 1
3 41 2
2 42 2
2 43 2
0 40 1
2 14 21
0 13 21
1 21 40
1 21 41
0 21 39
2 38 1
2 39 1
0 37 1
1 21 37
1 21 38
0 21 36
1 9 35
5 9 34
2 8 34
2 7 34
0 9 36
5 12 36
2 11 36
2 10 36
0 12 37
4 12 40
1 12 39
1 12 38
0 11 40
5 33 44
1 33 45
0 32 44
2 47 29
2 46 29
2 45 29
0 48 29
2 24 24
0 23 24
1 47 45
1 47 44
1 47 43
0 47 46
2 1 42
2 2 42
0 0 42
2 6 22
0 7 22
2 27 32
2 28 32
4 29 32
6 29 31
0 26 32
2 41 26
5 42 26
1 42 27
1 42 28
0 40 26
1 45 13
5 45 12
3 44 12
0 45 14
1 17 27
3 17 28
2 18 28
2 19 28
0 17 26
4 29 37
6 29 36
2 30 36
2 31 36
0 28 37
6 14 28
2 15 28
4 16 28
1 16 27
6 16 26
0 14 29
-1
-1
-1
-1
-1
-1
-1
-1
-1
-1
-1
-1
-1
-1
-1
-1
-1
-1
-1
-1
-1
-1
-1
-1
-1
-1
