# cancel = 582
0 37 38
1 39 33
1 39 34
1 39 35
1 39 36
1 39 37
4 39 38
1 39 32
2 38 38
1 39 27
1 39 28
1 39 29
1 39 30
1 39 9
1 39 10
1 39 11
1 39 12
1 39 13
1 39 14
1 39 15
1 39 16
1 39 17
1 39 18
1 39 19
1 39 20
1 39 21
1 39 22
1 39 23
1 39 24
1 39 25
1 39 26
1 39 4
1 39 5
1 39 6
1 39 7
1 39 8
1 39 31
0 39 3
-1
2 33 37
2 34 37
2 35 37
-1
2 36 37
5 37 37
-1
-1
-1
-1
-1
-1
-1
-1
-1
-1
-1
-1
-1
-1
-1
-1
-1
-1
-1
-1
-1
-1
-1
-1
-1
-1
-1
-1
-1
-1
-1
-1
-1
-1
-1
-1
-1
-1
-1
-1
-1
-1
-1
-1
-1
-1
-1
-1
-1
-1
-1
-1
-1
-1
-1
-1
-1
-1
-1
-1
-1
-1
-1
-1
-1
-1
-1
-1
0 32 37
-1
-1
-1
-1
-1
-1
-1
-1
-1
-1
-1
-1
-1
-1
-1
-1
-1
-1
-1
-1
-1
-1
-1
-1
-1
-1
-1
-1
-1
-1
-1
-1
-1
-1
-1
-1
-1
-1
-1
-1
-1
-1
-1
-1
0 39 31
-1
-1
-1
-1
-1
-1
-1
-1
-1
-1
-1
-1
-1
-1
-1
-1
-1
-1
-1
-1
-1
-1
-1
-1
-1
-1
-1
-1
-1
-1
-1
-1
-1
-1
-1
-1
-1
-1
0 39 8
-1
-1
-1
-1
-1
-1
-1
-1
-1
-1
-1
-1
-1
-1
-1
-1
-1
-1
-1
-1
-1
-1
-1
-1
-1
-1
-1
-1
-1
-1
-1
-1
0 39 26
2 36 10
2 37 10
4 38 10
1 38 9
6 38 8
1 35 11
6 35 10
2 30 12
2 31 12
2 32 12
2 33 12
2 34 12
4 35 12
-1
-1
-1
-1
-1
-1
-1
-1
-1
-1
-1
-1
-1
-1
-1
-1
-1
-1
-1
-1
-1
-1
-1
-1
0 29 12
4 32 38
1 31 44
1 31 43
1 31 42
1 31 41
1 31 40
1 31 39
2 29 48
2 30 48
4 31 48
1 31 47
1 31 46
1 31 45
6 31 38
-1
-1
-1
-1
-1
-1
-1
-1
-1
-1
-1
-1
-1
0 28 48
-1
-1
-1
-1
-1
-1
-1
-1
-1
-1
-1
-1
-1
-1
-1
-1
-1
-1
-1
0 38 38
-1
-1
-1
-1
-1
-1
-1
-1
-1
-1
-1
-1
-1
-1
-1
-1
-1
0 35 12
2 21 11
2 22 11
2 23 11
2 24 11
2 25 11
2 26 11
2 27 11
2 28 11
5 29 11
-1
-1
-1
-1
-1
-1
-1
-1
-1
-1
0 20 11
2 37 26
2 38 26
-1
-1
-1
-1
-1
-1
-1
-1
-1
-1
-1
0 36 26
2 22 45
2 23 45
2 24 45
2 25 45
2 26 45
2 27 45
5 28 45
1 28 46
1 28 47
-1
-1
-1
-1
-1
0 21 45
2 5 44
2 6 44
2 7 44
2 8 44
2 9 44
2 10 44
2 11 44
2 12 44
2 13 44
2 14 44
2 15 44
2 16 44
2 17 44
2 18 44
2 19 44
2 20 44
5 21 44
0 4 44
-1
-1
-1
-1
-1
-1
-1
0 31 38
2 45 8
2 44 8
2 43 8
2 42 8
2 41 8
2 40 8
-1
-1
-1
0 46 8
4 34 36
2 33 36
6 32 36
-1
-1
-1
-1
-1
0 34 35
2 47 19
3 46 19
1 46 18
1 46 17
1 46 16
1 46 15
1 46 14
1 46 13
1 46 12
1 46 11
1 46 10
1 46 9
0 48 19
2 23 19
2 22 19
2 21 19
3 20 19
1 20 18
1 20 17
1 20 16
1 20 15
1 20 14
1 20 13
1 20 12
0 24 19
2 34 2
2 35 2
2 36 2
2 37 2
2 38 2
5 39 2
0 33 2
0 39 32
1 31 37
-1
-1
-1
-1
0 31 36
1 19 12
6 19 11
-1
-1
0 19 13
2 2 40
2 3 40
5 4 40
1 4 41
1 4 42
1 4 43
0 1 40
2 40 3
-1
-1
-1
0 41 3
1 1 32
1 1 33
1 1 34
1 1 35
1 1 36
1 1 37
1 1 38
1 1 39
0 1 31
2 19 24
2 20 24
2 21 24
2 22 24
2 23 24
4 24 24
1 24 23
1 24 22
1 24 21
1 24 20
0 18 24
0 35 10
4 18 30
1 18 29
1 18 28
1 18 27
1 18 26
1 18 25
0 17 30
1 38 39
1 38 43
1 38 42
1 38 41
1 38 40
0 38 44
2 28 19
2 27 19
2 26 19
2 25 19
0 29 19
0 31 45
0 20 10
0 29 20
2 1 47
2 2 47
2 3 47
4 4 47
1 4 46
1 4 45
0 0 47
1 20 6
1 20 7
1 20 8
1 20 9
0 20 5
2 44 19
5 45 19
3 45 20
2 46 20
2 47 20
4 48 20
0 43 19
0 38 40
2 13 24
2 14 24
2 15 24
2 16 24
2 17 24
0 12 24
1 29 24
1 29 23
1 29 22
1 29 21
0 29 25
2 10 10
2 11 10
2 12 10
2 13 10
2 14 10
2 15 10
2 16 10
2 17 10
2 18 10
2 19 10
0 9 10
2 15 37
2 16 37
4 17 37
1 17 36
1 17 35
1 17 34
1 17 33
1 17 32
1 17 31
0 14 37
3 14 40
1 14 39
1 14 38
0 15 40
0 34 10
-1
-1
-1
-1
-1
-1
-1
-1
-1
-1
-1
-1
-1
-1
-1
-1
-1
-1
-1
-1
-1
-1
-1
-1
-1
-1
-1
-1
-1
-1
-1
-1
-1
-1
-1
-1
-1
-1
-1
-1
-1
-1
-1
-1
-1
-1
-1
-1
-1
-1
-1
-1
-1
-1
-1
-1
-1
-1
-1
-1
-1
-1
-1
-1
-1
-1
-1
-1
-1
-1
-1
-1
-1
-1
-1
-1
-1
-1
-1
-1
-1
-1
-1
-1
-1
-1
-1
-1
-1
-1
-1
-1
-1
-1
-1
-1
-1
-1
-1
-1
-1
-1
-1
-1
-1
-1
-1
-1
-1
-1
-1
-1
-1
-1
-1
-1
-1
-1
-1
-1
-1
-1
-1
-1
-1
-1
-1
-1
-1
-1
-1
-1
-1
-1
-1
-1
-1
-1
-1
-1
-1
-1
-1
-1
-1
-1
-1
-1
-1
-1
-1
-1
-1
-1
-1
-1
-1
-1
-1
-1
-1
-1
-1
-1
-1
-1
-1
-1
-1
-1
-1
-1
-1
-1
-1
-1
-1
-1
-1
-1
-1
-1
-1
-1
-1
-1
-1
-1
-1
-1
-1
-1
-1
-1
-1
-1
-1
-1
-1
-1
-1
-1
-1
-1
-1
-1
-1
-1
-1
-1
-1
-1
-1
-1
-1
-1
