# start_size = 103
# yaki_cnt = 445720
# end_size = 111
# real_sz = 111
0 3 25
2 7 25
2 6 25
2 5 25
2 4 25
2 10 25
2 9 25
2 18 25
2 17 25
2 16 25
2 15 25
2 14 25
2 13 25
2 12 25
2 11 25
2 28 25
2 27 25
2 26 25
2 25 25
2 24 25
2 23 25
2 22 25
2 21 25
2 20 25
2 19 25
1 29 26
5 29 25
1 29 27
2 34 29
2 33 29
3 32 29
5 32 28
2 31 28
2 30 28
3 29 28
2 8 25
0 35 29
4 3 28
1 3 27
1 3 26
6 2 28
1 2 31
1 2 30
1 2 29
4 2 36
1 2 35
1 2 34
1 2 33
1 2 32
0 1 36
2 40 29
2 39 29
2 38 29
2 37 29
2 36 29
-1
-1
-1
-1
-1
-1
-1
-1
-1
-1
-1
-1
-1
-1
-1
-1
-1
-1
-1
-1
-1
-1
-1
-1
-1
0 41 29
6 35 25
1 35 26
1 35 27
1 35 28
1 37 22
1 37 23
1 37 24
4 37 25
2 36 25
-1
-1
-1
-1
-1
-1
-1
-1
-1
-1
-1
-1
-1
0 37 21
1 8 34
4 8 35
2 7 35
2 6 35
6 5 35
1 5 36
4 5 37
2 4 37
2 3 37
2 2 37
3 1 37
-1
-1
-1
-1
-1
-1
-1
-1
0 8 33
1 41 34
1 41 33
1 41 32
1 41 31
1 41 30
3 41 42
1 41 41
1 41 40
1 41 39
1 41 38
1 41 37
1 41 36
1 41 35
-1
-1
0 42 42
4 34 34
1 34 33
1 34 32
6 34 31
4 35 31
1 35 30
-1
-1
-1
-1
-1
0 33 34
-1
-1
-1
-1
-1
-1
-1
-1
0 8 25
-1
-1
-1
-1
-1
-1
-1
0 2 32
1 42 44
1 42 43
2 41 47
4 42 47
1 42 46
1 42 45
-1
0 40 47
1 8 23
1 8 24
1 8 19
1 8 20
1 8 21
1 8 22
1 12 16
1 12 17
4 12 18
2 11 18
2 10 18
2 9 18
6 8 18
0 12 15
3 44 30
5 44 29
2 43 29
2 42 29
0 45 30
1 4 39
5 4 38
2 3 38
2 2 38
2 1 38
3 0 38
1 0 37
6 0 36
0 4 40
0 2 29
5 30 33
3 30 34
2 31 34
2 32 34
0 29 33
1 29 36
1 29 35
1 29 34
0 29 37
1 29 39
1 29 38
0 29 40
2 4 29
2 3 29
0 5 29
5 37 17
1 37 18
1 37 19
1 37 20
0 36 17
5 40 42
1 40 43
1 40 44
1 40 45
1 40 46
0 39 42
1 36 13
1 36 14
1 36 15
1 36 16
0 36 12
1 4 41
0 4 42
1 29 32
0 29 31
2 11 32
2 10 32
2 9 32
6 8 32
0 12 32
5 10 14
3 10 15
2 11 15
0 9 14
2 5 14
2 6 14
2 7 14
2 8 14
0 4 14
1 4 13
0 4 12
0 29 28
0 29 27
0 29 25
2 32 25
2 31 25
2 30 25
0 33 25
0 33 26
2 24 28
2 25 28
2 26 28
2 27 28
2 28 28
0 23 28
2 22 26
5 23 26
1 23 27
0 21 26
2 38 42
0 37 42
0 19 25
2 17 24
2 18 24
5 19 24
0 16 24
2 34 12
2 35 12
0 33 12
1 33 9
1 33 10
1 33 11
1 33 6
1 33 7
1 33 8
0 33 5
6 34 4
4 34 5
0 35 4
0 2 28
2 30 5
2 31 5
2 32 5
0 29 5
2 27 5
2 28 5
0 26 5
1 8 26
0 8 27
1 33 23
1 33 24
0 33 22
2 39 47
0 38 47
2 38 35
2 37 35
2 36 35
2 35 35
2 34 35
3 33 35
0 39 35
1 39 33
1 39 34
0 39 32
5 10 42
2 9 42
2 8 42
2 7 42
2 6 42
2 5 42
0 10 43
1 10 44
0 10 45
5 16 20
1 16 21
1 16 22
1 16 23
0 15 20
5 18 19
2 17 19
2 16 19
6 15 19
0 18 20
2 20 18
6 19 18
1 19 19
4 19 20
0 21 18
1 3 21
1 3 22
1 3 23
1 3 24
0 3 20
2 1 12
2 2 12
2 3 12
0 0 12
2 31 12
2 32 12
0 30 12
6 28 14
2 29 14
4 30 14
1 30 13
0 28 15
0 11 25
1 12 36
1 12 35
1 12 34
1 12 33
0 12 37
1 33 3
1 33 4
0 33 2
6 4 6
1 4 7
1 4 8
1 4 9
1 4 10
1 4 11
0 5 6
4 3 6
6 3 5
2 4 5
5 5 5
0 2 6
1 6 5
4 6 6
0 6 4
2 17 38
2 16 38
3 15 38
5 15 37
2 14 37
2 13 37
0 18 38
0 41 35
4 47 29
2 46 29
6 45 29
0 47 28
5 19 40
3 18 40
1 18 39
0 19 41
2 21 41
2 20 41
0 22 41
1 22 37
1 22 38
1 22 39
1 22 40
0 22 36
1 21 16
1 21 17
0 21 15
5 23 18
2 22 18
0 23 19
4 43 41
6 42 41
0 43 40
2 31 40
2 30 40
0 32 40
4 39 21
2 38 21
0 39 20
1 16 30
1 16 31
4 16 32
2 15 32
2 14 32
2 13 32
0 16 29
3 13 16
5 13 15
0 14 16
2 27 31
2 28 31
0 26 31
0 29 6
5 11 40
1 11 41
1 11 42
4 11 43
0 10 40
0 25 5
2 41 20
2 40 20
0 42 20
6 6 0
1 6 1
1 6 2
1 6 3
0 7 0
2 36 36
2 37 36
2 38 36
4 39 36
0 35 36
0 33 8
0 36 25
1 33 20
1 33 21
0 33 19
2 12 26
3 11 26
0 13 26
2 30 31
0 31 31
3 40 48
0 41 48
1 7 39
4 7 40
2 6 40
2 5 40
0 7 38
1 25 9
1 25 8
1 25 7
1 25 6
0 25 10
6 38 25
4 38 26
2 37 26
3 36 26
0 39 25
4 18 43
1 18 42
6 18 41
0 17 43
6 42 18
1 42 19
0 43 18
0 42 45
1 17 46
1 17 45
1 17 44
0 17 47
0 8 18
0 8 22
1 23 21
1 23 20
0 23 22
1 32 44
1 32 43
1 32 42
1 32 41
0 32 45
4 25 19
2 24 19
0 25 18
2 21 7
4 22 7
6 22 6
4 23 6
6 23 5
2 24 5
0 20 7
5 16 46
3 16 47
0 15 46
2 18 7
2 19 7
0 17 7
5 29 24
0 28 24
1 43 13
1 43 14
1 43 15
1 43 16
1 43 17
0 43 12
1 45 9
1 45 10
1 45 11
4 45 12
2 44 12
0 45 8
6 28 47
4 29 47
1 29 46
6 29 45
2 30 45
2 31 45
0 28 48
2 46 40
2 45 40
2 44 40
0 47 40
2 46 48
2 45 48
2 44 48
2 43 48
2 42 48
0 47 48
-1
-1
-1
-1
-1
-1
-1
-1
-1
-1
-1
-1
-1
-1
-1
-1
-1
-1
-1
-1
-1
-1
-1
-1
-1
-1
-1
-1
-1
-1
-1
-1
-1
-1
-1
-1
-1
-1
-1
-1
-1
-1
-1
-1
-1
-1
-1
-1
-1
-1
-1
-1
-1
-1
-1
-1
-1
-1
-1
-1
-1
-1
-1
-1
-1
-1
-1
-1
-1
-1
-1
-1
-1
-1
-1
-1
-1
-1
-1
-1
-1
-1
-1
-1
-1
-1
-1
-1
-1
-1
-1
-1
-1
-1
-1
-1
-1
-1
-1
-1
-1
-1
-1
-1
-1
-1
-1
-1
-1
-1
-1
-1
-1
-1
-1
-1
-1
-1
-1
-1
-1
-1
-1
-1
-1
-1
-1
-1
-1
-1
-1
-1
-1
-1
-1
-1
-1
-1
-1
-1
-1
-1
-1
-1
-1
-1
-1
-1
-1
-1
-1
-1
-1
-1
-1
-1
-1
-1
-1
-1
-1
-1
-1
-1
-1
-1
-1
-1
-1
-1
-1
-1
-1
-1
-1
-1
-1
-1
-1
-1
-1
-1
-1
-1
-1
-1
-1
-1
-1
-1
-1
-1
-1
-1
-1
-1
-1
-1
-1
-1
-1
-1
-1
-1
-1
-1
-1
-1
-1
-1
-1
-1
-1
-1
-1
-1
-1
-1
-1
-1
-1
-1
-1
-1
-1
-1
-1
-1
-1
-1
-1
-1
-1
-1
-1
-1
-1
-1
-1
-1
-1
-1
-1
-1
-1
-1
-1
