# 1763119
# yaki_cnt = 125280
# real_sz = 122
0 1 46
1 2 40
4 2 41
6 1 41
1 1 42
1 1 43
1 1 44
1 1 45
1 3 36
4 3 37
6 2 37
1 2 38
4 7 35
2 6 35
2 5 35
2 4 35
6 3 35
1 2 39
2 26 34
2 25 34
2 24 34
2 23 34
2 22 34
2 21 34
2 20 34
2 19 34
2 18 34
2 17 34
2 16 34
2 15 34
2 14 34
2 13 34
2 12 34
2 11 34
2 10 34
2 9 34
2 8 34
2 30 34
2 29 34
2 28 34
2 27 34
4 35 34
2 34 34
2 33 34
2 32 34
2 31 34
1 37 32
4 37 33
2 36 33
6 35 33
6 7 34
0 37 31
1 37 29
1 37 30
1 38 27
4 38 28
6 37 28
-1
-1
-1
-1
0 38 26
1 0 37
1 0 38
1 0 39
1 0 40
1 0 41
1 0 42
1 0 43
1 0 44
1 0 45
3 0 46
-1
-1
-1
-1
-1
-1
-1
-1
-1
-1
-1
-1
-1
-1
-1
-1
-1
-1
0 0 36
5 36 24
3 36 25
5 37 25
3 37 26
1 35 20
1 35 21
1 35 22
1 35 23
1 35 12
1 35 13
1 35 14
1 35 15
1 35 16
1 35 17
1 35 18
1 35 19
5 35 8
1 35 9
1 35 10
1 35 11
3 35 24
2 29 8
2 30 8
2 31 8
2 32 8
2 33 8
2 34 8
5 27 3
1 27 4
1 27 5
3 27 6
5 28 6
1 28 7
3 28 8
0 26 3
-1
-1
-1
-1
-1
-1
0 7 34
2 28 2
2 27 2
6 26 2
2 30 2
2 29 2
2 34 2
2 33 2
2 32 2
2 37 2
2 36 2
2 35 2
2 31 2
0 38 2
2 24 3
2 25 3
2 22 3
2 17 2
5 18 2
3 18 3
2 19 3
2 20 3
2 21 3
2 23 3
0 16 2
5 9 46
2 8 46
2 7 46
2 6 46
2 5 46
2 4 46
2 3 46
2 2 46
2 10 47
3 9 47
0 11 47
0 31 2
1 11 44
1 11 45
1 11 46
-1
-1
0 11 43
1 8 32
4 8 33
6 7 33
2 9 31
6 8 31
2 14 31
2 13 31
2 12 31
2 11 31
6 15 27
1 15 28
1 15 29
1 15 30
4 15 31
1 16 25
1 16 26
4 16 27
2 10 31
0 16 24
0 9 47
0 2 39
0 28 8
-1
-1
0 3 35
-1
-1
-1
0 37 28
-1
-1
-1
0 35 33
-1
-1
0 31 34
-1
-1
0 34 8
-1
-1
-1
0 10 31
-1
-1
0 16 27
6 15 6
4 16 6
1 16 5
1 16 4
1 16 3
0 15 7
2 13 7
2 14 7
0 12 7
0 35 24
2 6 7
2 7 7
2 8 7
2 9 7
2 10 7
2 11 7
0 5 7
1 5 8
0 5 9
4 7 39
2 6 39
2 5 39
2 4 39
2 3 39
1 7 37
1 7 38
0 7 36
2 9 36
2 8 36
0 10 36
1 5 11
1 5 10
0 5 12
0 29 2
0 27 34
2 40 32
2 39 32
3 38 32
5 38 31
0 41 32
2 3 9
2 4 9
0 2 9
0 31 35
5 43 35
2 42 35
3 41 35
1 41 34
1 41 33
0 43 36
0 7 38
0 43 37
3 7 43
2 8 43
2 9 43
2 10 43
0 7 42
1 5 14
1 5 13
0 5 15
0 15 31
0 35 11
1 38 4
1 38 3
0 38 5
2 6 15
0 7 15
2 2 19
2 3 19
2 4 19
4 5 19
1 5 18
1 5 17
1 5 16
0 1 19
1 1 21
1 1 20
0 1 22
1 29 4
1 29 3
0 29 5
2 38 11
2 37 11
2 36 11
0 39 11
5 2 23
3 1 23
0 2 24
0 28 9
0 3 24
0 35 2
0 27 35
0 12 47
1 28 12
1 28 11
1 28 10
0 28 13
2 36 28
0 35 28
2 9 15
2 8 15
0 10 15
2 13 15
2 12 15
2 11 15
0 14 15
5 16 15
2 15 15
0 16 16
0 23 3
2 18 31
2 17 31
2 16 31
0 19 31
1 31 31
1 31 32
1 31 33
0 31 30
1 16 17
0 16 18
2 20 18
2 19 18
2 18 18
2 17 18
0 21 18
4 42 26
2 41 26
2 40 26
2 39 26
0 42 25
2 21 31
2 20 31
0 22 31
2 30 30
0 29 30
3 33 7
5 34 7
0 33 6
0 35 1
6 15 19
4 16 19
0 15 20
2 45 25
2 44 25
2 43 25
0 46 25
0 33 5
1 10 19
1 10 18
1 10 17
1 10 16
0 10 20
1 46 27
1 46 26
0 46 28
0 26 2
0 46 24
5 24 6
3 23 6
1 23 5
1 23 4
0 24 7
2 39 2
0 40 2
1 12 9
1 12 8
0 12 10
0 38 6
1 43 40
1 43 39
1 43 38
0 43 41
0 21 3
2 41 41
2 42 41
0 40 41
2 17 24
0 18 24
2 16 7
0 17 7
2 38 44
4 39 44
6 39 43
4 40 43
1 40 42
0 37 44
4 37 47
1 37 46
1 37 45
0 36 47
0 8 31
3 0 19
0 0 18
1 39 14
1 39 13
1 39 12
0 39 15
4 30 13
2 29 13
0 30 12
0 35 19
1 2 8
0 2 7
4 24 10
1 24 9
1 24 8
0 23 10
0 2 6
4 23 36
6 23 35
2 24 35
2 25 35
2 26 35
0 22 36
5 25 18
2 24 18
2 23 18
2 22 18
0 25 19
1 2 28
1 2 27
1 2 26
1 2 25
0 2 29
1 19 30
0 19 29
1 6 44
1 6 43
6 6 42
0 6 45
1 23 1
1 23 2
0 23 0
2 42 18
3 41 18
5 41 17
3 40 17
1 40 16
5 40 15
0 43 18
5 28 29
3 28 30
0 27 29
2 26 29
0 25 29
1 8 29
1 8 30
0 8 28
4 47 18
2 46 18
2 45 18
2 44 18
0 47 17
5 42 6
2 41 6
2 40 6
2 39 6
0 42 7
5 44 7
2 43 7
0 44 8
1 19 38
1 19 37
6 19 36
2 20 36
2 21 36
0 19 39
2 16 47
2 15 47
2 14 47
2 13 47
0 17 47
2 19 7
2 18 7
0 20 7
2 32 24
2 33 24
2 34 24
0 31 24
0 7 16
4 11 20
0 11 19
1 44 9
0 44 10
4 22 24
2 21 24
2 20 24
2 19 24
0 22 23
3 27 40
1 27 39
1 27 38
1 27 37
1 27 36
0 28 40
4 28 43
1 28 42
1 28 41
0 27 43
2 24 11
3 23 11
0 25 11
2 41 36
2 42 36
0 40 36
3 15 39
2 16 39
2 17 39
2 18 39
0 15 38
1 22 12
1 22 11
6 22 10
0 22 13
-1
-1
-1
-1
-1
-1
-1
-1
-1
-1
-1
-1
-1
-1
-1
-1
-1
-1
-1
-1
-1
-1
-1
-1
-1
-1
-1
-1
-1
-1
-1
-1
-1
-1
-1
-1
-1
-1
-1
-1
-1
-1
-1
-1
-1
-1
-1
-1
-1
-1
-1
-1
-1
-1
-1
-1
-1
-1
-1
-1
-1
-1
-1
-1
-1
-1
-1
-1
-1
-1
-1
-1
-1
-1
-1
-1
-1
-1
-1
-1
-1
-1
-1
-1
-1
-1
-1
-1
-1
-1
-1
-1
-1
-1
-1
-1
-1
-1
-1
-1
-1
-1
-1
-1
-1
-1
-1
-1
-1
-1
-1
-1
-1
-1
-1
-1
-1
-1
-1
-1
-1
-1
-1
-1
-1
-1
-1
-1
-1
-1
-1
-1
-1
-1
-1
-1
-1
-1
-1
-1
-1
-1
-1
-1
-1
-1
-1
-1
-1
-1
-1
-1
-1
-1
-1
-1
-1
-1
-1
-1
-1
-1
-1
-1
-1
-1
-1
-1
-1
-1
-1
-1
-1
-1
-1
-1
-1
-1
-1
-1
-1
-1
-1
-1
-1
-1
-1
-1
-1
-1
-1
-1
-1
-1
-1
-1
-1
-1
-1
-1
-1
-1
-1
-1
-1
-1
-1
-1
-1
-1
-1
-1
-1
-1
-1
-1
-1
-1
-1
-1
-1
-1
-1
-1
-1
-1
-1
-1
-1
-1
-1
-1
-1
-1
-1
-1
-1
-1
-1
-1
-1
-1
-1
-1
-1
-1
-1
-1
-1
-1
-1
-1
-1
-1
-1
-1
-1
-1
-1
-1
-1
-1
-1
-1
-1
