0 6 31
2 19 31
2 18 31
2 17 31
2 16 31
2 15 31
2 14 31
2 13 31
2 12 31
2 11 31
2 10 31
2 9 31
2 8 31
2 7 31
2 22 33
2 21 33
3 20 33
1 20 32
5 20 31
2 25 34
2 24 34
3 23 34
5 23 33
2 28 35
2 27 35
3 26 35
1 29 37
1 29 36
5 29 35
5 26 34
2 35 39
2 34 39
2 33 39
2 32 39
2 31 39
2 30 39
3 29 39
1 29 38
0 36 39
2 35 42
4 36 42
1 36 41
1 36 40
1 34 46
1 34 45
1 34 44
1 34 43
6 34 42
-1
-1
-1
-1
-1
-1
-1
-1
-1
-1
-1
-1
-1
-1
-1
-1
-1
-1
-1
-1
-1
-1
-1
-1
-1
-1
-1
-1
-1
-1
-1
0 34 47
2 5 28
5 6 28
1 6 29
1 6 30
-1
-1
-1
-1
-1
-1
-1
-1
-1
-1
-1
-1
-1
-1
-1
-1
-1
0 4 28
2 38 39
2 37 39
1 40 21
1 40 22
1 40 23
1 40 24
1 40 25
1 40 26
1 40 27
1 40 28
1 40 29
1 40 30
1 40 31
1 40 32
1 40 33
1 40 34
1 40 35
1 40 36
1 40 37
1 40 38
4 40 39
2 39 39
1 40 16
1 40 17
1 40 18
1 40 19
1 40 15
1 40 20
4 43 14
2 42 14
2 41 14
6 40 14
0 43 13
1 5 24
1 5 25
1 5 26
4 5 27
6 4 27
1 8 22
4 8 23
2 7 23
2 6 23
6 5 23
1 9 17
1 9 18
1 9 19
1 9 20
4 9 21
6 8 21
1 9 14
1 9 15
1 11 11
1 11 12
4 11 13
2 10 13
1 12 5
1 12 6
1 12 7
1 12 8
1 12 9
4 12 10
6 11 10
6 9 13
1 9 16
0 12 4
4 40 47
2 39 47
2 38 47
2 37 47
2 36 47
2 35 47
1 45 45
4 45 46
2 44 46
2 43 46
2 42 46
2 41 46
6 40 46
0 45 44
5 3 25
1 3 26
1 3 27
3 3 28
1 2 24
3 2 25
0 2 23
0 40 14
0 29 38
2 39 43
2 40 43
2 41 43
2 42 43
2 43 43
2 44 43
5 45 43
0 38 43
0 26 34
0 9 16
2 31 41
2 30 41
2 29 41
3 28 41
1 28 40
1 28 39
6 28 38
0 32 41
0 9 13
2 11 18
3 10 18
1 10 17
5 10 16
0 12 18
0 29 35
0 8 21
3 44 18
1 44 17
1 44 16
1 44 15
1 44 14
5 44 13
0 45 18
3 27 42
2 28 42
2 29 42
2 30 42
2 31 42
4 32 42
2 26 40
5 27 40
1 27 41
0 25 40
4 45 26
1 45 25
1 45 24
1 45 23
1 45 22
1 45 21
1 45 20
1 45 19
0 44 26
2 37 10
2 38 10
2 39 10
5 40 10
1 40 11
1 40 12
1 40 13
0 36 10
2 32 35
2 31 35
2 30 35
0 33 35
0 5 23
4 12 23
1 12 22
1 12 21
1 12 20
1 12 19
2 8 26
2 9 26
2 10 26
4 11 26
1 11 25
1 11 24
6 11 23
0 7 26
2 3 31
2 4 31
2 5 31
0 2 31
1 2 19
1 2 20
1 2 21
1 2 22
0 2 18
4 6 34
1 6 33
1 6 32
0 5 34
5 8 19
1 8 20
0 7 19
1 33 36
0 33 37
2 26 39
6 25 39
0 27 39
4 36 14
1 36 13
1 36 12
1 36 11
0 35 14
4 5 38
1 5 37
1 5 36
1 5 35
0 4 38
0 27 41
1 26 44
1 26 43
1 26 42
6 26 41
0 26 45
0 11 10
2 42 24
2 43 24
5 44 24
1 44 25
0 41 24
4 29 45
2 28 45
2 27 45
0 29 44
4 6 39
2 5 39
3 4 39
0 6 38
1 9 37
4 9 38
2 8 38
2 7 38
0 9 36
1 42 22
4 42 23
6 41 23
0 42 21
5 24 37
1 24 38
1 24 39
3 24 40
0 23 37
2 14 8
3 13 8
1 13 7
1 13 6
1 13 5
5 13 4
3 15 10
1 15 9
5 15 8
0 16 10
5 43 11
1 43 12
0 42 11
1 18 7
1 18 8
1 18 9
4 18 10
2 17 10
0 18 6
0 2 25
2 20 8
3 19 8
1 19 7
5 19 6
0 21 8
4 15 18
2 14 18
2 13 18
0 15 17
1 31 32
1 31 33
4 31 34
2 30 34
6 29 34
0 31 31
1 4 15
1 4 16
1 4 17
4 4 18
2 3 18
0 4 14
0 23 33
0 40 20
1 12 14
1 12 15
1 12 16
1 12 17
0 12 13
3 30 45
5 30 44
0 31 45
1 12 3
0 12 2
2 8 10
2 9 10
2 10 10
0 7 10
2 41 8
5 42 8
1 42 9
1 42 10
0 40 8
2 18 37
2 19 37
2 20 37
2 21 37
2 22 37
0 17 37
2 43 29
4 44 29
1 44 28
1 44 27
0 42 29
2 2 13
2 3 13
5 4 13
0 1 13
2 9 2
2 10 2
2 11 2
0 8 2
1 8 4
1 8 3
0 8 5
1 23 31
1 23 32
0 23 30
1 42 32
1 42 31
1 42 30
0 42 33
2 15 22
4 16 22
1 16 21
1 16 20
1 16 19
1 16 18
5 16 17
0 14 22
0 11 23
1 26 7
4 26 8
2 25 8
2 24 8
2 23 8
2 22 8
0 26 6
3 35 17
1 35 16
1 35 15
0 36 17
4 27 10
1 27 9
1 27 8
1 27 7
5 27 6
0 26 10
0 20 31
0 34 42
2 32 18
2 33 18
2 34 18
2 35 18
4 36 18
0 31 18
3 31 22
1 31 21
1 31 20
1 31 19
0 32 22
2 8 30
3 7 30
1 7 29
1 7 28
1 7 27
0 9 30
2 28 18
2 29 18
2 30 18
0 27 18
2 1 26
4 2 26
0 0 26
1 17 39
1 17 38
0 17 40
1 23 28
1 23 29
0 23 27
1 46 21
1 46 20
1 46 19
5 46 18
3 46 26
1 46 25
1 46 24
1 46 23
1 46 22
0 47 26
0 39 39
0 40 46
2 41 49
2 40 49
2 39 49
2 38 49
2 37 49
2 36 49
2 35 49
3 34 49
1 34 48
0 42 49
3 21 13
1 21 12
1 21 11
1 21 10
1 21 9
0 22 13
1 36 6
1 36 7
1 36 8
1 36 9
0 36 5
2 21 16
4 22 16
1 22 15
1 22 14
0 20 16
2 16 44
4 17 44
1 17 43
1 17 42
1 17 41
0 15 44
2 10 45
2 11 45
2 12 45
2 13 45
2 14 45
4 15 45
0 9 45
4 12 36
2 11 36
2 10 36
0 12 35
2 18 23
2 17 23
2 16 23
2 15 23
3 14 23
0 19 23
5 1 11
1 1 12
0 0 11
2 33 11
2 34 11
4 35 11
6 35 10
0 32 11
0 15 8
1 47 28
1 47 27
0 47 29
1 32 8
1 32 9
1 32 10
0 32 7
1 19 3
1 19 4
4 19 5
6 18 5
0 19 2
1 15 33
1 15 34
4 15 35
2 14 35
2 13 35
0 15 32
2 4 1
2 5 1
2 6 1
2 7 1
5 8 1
0 3 1
1 28 16
4 28 17
6 27 17
0 28 15
2 24 43
4 25 43
1 25 42
1 25 41
0 23 43
2 24 20
2 25 20
2 26 20
4 27 20
1 27 19
0 23 20
2 5 45
2 6 45
2 7 45
2 8 45
0 4 45
2 1 34
4 2 34
1 2 33
1 2 32
0 0 34
2 26 28
2 25 28
3 24 28
5 24 27
0 27 28
1 25 25
4 25 26
2 24 26
6 23 26
0 25 24
1 47 16
4 47 17
2 46 17
6 45 17
0 47 15
4 16 16
6 15 16
0 16 15
4 44 40
2 43 40
2 42 40
2 41 40
2 40 40
3 39 40
0 44 39
2 27 24
2 26 24
0 28 24
0 46 22
2 22 48
4 23 48
1 23 47
1 23 46
1 23 45
1 23 44
0 21 48
2 35 26
2 34 26
2 33 26
3 32 26
1 32 25
1 32 24
1 32 23
0 36 26
3 13 27
1 13 26
1 13 25
1 13 24
1 13 23
6 13 22
0 14 27
2 16 28
2 15 28
3 14 28
0 17 28
4 4 48
1 4 47
1 4 46
0 3 48
1 49 37
1 49 38
4 49 39
2 48 39
2 47 39
2 46 39
2 45 39
0 49 36
0 40 15
4 24 2
2 23 2
2 22 2
2 21 2
2 20 2
0 24 1
1 47 2
1 47 3
1 47 4
1 47 5
1 47 6
4 47 7
2 46 7
2 45 7
2 44 7
2 43 7
2 42 7
2 41 7
6 40 7
0 47 1
-1
-1
-1
-1
-1
-1
-1
-1
-1
-1
-1
-1
-1
-1
-1
-1
-1
-1
-1
-1
-1
-1
-1
-1
-1
-1
-1
-1
-1
-1
-1
-1
-1
-1
-1
-1
-1
-1
-1
-1
-1
-1
-1
-1
-1
-1
-1
-1
-1
-1
-1
-1
-1
-1
-1
-1
-1
-1
-1
-1
-1
-1
-1
-1
-1
-1
-1
-1
-1
-1
-1
-1
-1
-1
-1
-1
-1
-1
-1
-1
-1
-1
-1
-1
-1
-1
-1
-1
-1
-1
-1
-1
-1
-1
-1
-1
-1
-1
-1
-1
-1
-1
-1
-1
-1
-1
-1
-1
-1
-1
-1
