# start_size = 111
# yaki_cnt = 164580
# end_size = 119
# real_sz = 119
0 10 30
3 10 31
2 11 31
2 12 31
2 13 31
2 15 31
2 16 31
2 17 31
2 18 31
2 20 31
2 22 31
2 23 31
2 24 31
5 25 31
2 21 31
2 19 31
1 25 33
3 25 34
2 26 34
2 27 34
2 28 34
2 29 34
1 25 32
2 14 31
2 31 34
2 32 34
2 33 34
5 34 34
2 35 35
3 34 35
2 30 34
0 36 35
1 10 29
1 10 28
1 10 27
1 10 26
1 10 24
1 10 23
1 10 21
1 10 20
1 10 19
1 10 18
1 10 17
1 10 16
1 10 22
1 10 25
1 10 14
1 10 13
1 10 12
1 10 11
1 10 10
1 10 9
1 10 15
1 10 7
1 10 6
1 10 5
1 10 3
1 10 2
1 10 1
1 10 4
1 10 8
0 10 0
4 37 35
6 37 34
4 38 34
6 38 33
-1
-1
-1
-1
-1
-1
-1
-1
-1
0 39 33
1 9 31
4 9 32
6 8 32
6 9 30
-1
-1
-1
-1
-1
-1
-1
-1
-1
-1
0 8 33
6 9 0
1 9 1
4 9 2
2 8 2
2 7 2
1 6 3
4 6 4
2 5 4
2 4 4
2 3 4
6 6 2
0 2 4
1 36 36
1 36 37
-1
-1
-1
0 36 38
2 9 34
5 10 34
3 10 35
5 11 35
3 11 36
5 12 36
3 8 34
0 12 37
1 2 5
1 2 6
1 2 7
1 2 9
3 2 10
1 2 8
0 3 10
1 36 34
1 36 33
1 36 32
1 36 31
1 36 30
1 36 29
1 36 28
1 36 27
1 36 26
1 36 25
1 36 24
1 36 23
1 36 22
1 36 21
1 36 20
1 36 18
1 36 17
1 36 16
1 36 15
5 36 14
1 36 19
0 35 14
0 30 34
0 14 31
0 10 8
0 9 30
-1
-1
0 25 32
-1
-1
-1
0 36 19
2 4 10
-1
0 5 10
5 37 19
1 37 20
1 37 21
1 37 22
0 37 23
1 35 13
1 35 12
0 35 11
1 35 10
1 35 9
5 35 8
3 34 8
0 34 7
2 37 38
2 38 38
0 39 38
0 2 8
0 19 31
6 34 6
2 35 6
2 36 6
4 37 6
0 37 5
5 39 32
3 38 32
0 38 31
0 6 2
1 30 33
1 30 32
2 31 31
2 32 31
2 33 31
2 34 31
6 30 31
0 35 31
0 8 34
0 10 4
3 7 33
1 7 32
5 7 31
0 6 31
0 10 15
1 14 32
0 14 33
2 34 14
2 33 14
2 32 14
0 31 14
0 33 7
2 30 14
2 29 14
2 28 14
0 27 14
5 38 5
3 38 6
2 39 6
2 40 6
0 41 6
2 42 6
0 43 6
1 27 15
1 27 16
0 27 17
3 39 39
0 40 39
1 40 40
0 40 41
2 41 39
2 42 39
2 43 39
0 44 39
2 42 41
5 43 41
1 43 42
1 43 43
2 41 41
0 43 44
0 10 25
1 5 9
1 5 8
6 5 7
4 6 7
0 6 6
0 2 7
0 30 31
2 13 37
2 14 37
2 15 37
2 16 37
0 17 37
0 18 37
1 43 45
0 43 46
1 33 6
1 33 5
5 33 4
2 32 4
0 31 4
2 28 17
0 29 17
0 34 35
2 39 23
2 40 23
2 41 23
2 42 23
2 43 23
2 44 23
2 38 23
0 45 23
1 45 22
1 45 21
1 45 20
0 45 19
1 45 18
5 45 17
0 44 17
1 12 38
1 12 39
1 12 40
0 12 41
0 44 16
1 3 11
1 3 12
1 3 13
0 3 14
1 12 42
1 12 43
1 12 44
0 12 45
1 12 46
3 12 47
0 13 47
0 11 4
2 12 4
2 13 4
5 14 4
3 14 5
0 15 5
4 43 47
0 42 47
2 41 47
2 40 47
0 39 47
0 2 14
0 21 31
1 21 30
1 21 29
1 21 28
0 21 27
1 44 15
1 44 14
1 44 13
0 44 12
5 44 11
0 43 11
0 27 18
5 13 41
3 13 42
2 14 42
2 15 42
0 16 42
2 6 10
0 7 10
1 44 40
3 44 41
2 45 41
2 46 41
0 47 41
2 14 47
2 15 47
2 16 47
2 17 47
0 18 47
2 19 47
0 20 47
4 33 8
2 32 8
2 31 8
0 30 8
0 41 41
3 1 4
1 1 3
0 1 2
2 39 41
2 38 41
0 37 41
2 9 33
2 10 33
0 11 33
2 26 18
2 25 18
0 24 18
1 30 35
1 30 36
0 30 37
1 21 26
1 21 25
1 21 24
0 21 23
0 43 7
2 31 37
5 32 37
0 32 38
5 27 13
3 26 13
5 26 12
3 25 12
0 25 11
1 30 38
1 30 39
1 30 40
1 30 41
0 30 42
2 21 47
2 22 47
2 23 47
0 24 47
0 38 23
0 7 34
1 24 46
1 24 45
1 24 44
0 24 43
5 16 5
3 16 6
5 17 6
0 17 7
6 35 19
1 35 20
1 35 21
4 35 22
2 34 22
2 33 22
0 32 22
6 6 34
1 6 35
4 6 36
6 5 36
4 5 37
6 4 37
0 4 38
2 30 4
2 29 4
2 28 4
0 27 4
6 27 3
0 28 3
1 4 39
1 4 40
1 4 41
0 4 42
2 3 42
0 2 42
5 18 7
3 18 8
5 19 8
0 19 9
1 39 37
0 39 36
2 5 31
2 4 31
2 3 31
2 2 31
0 1 31
5 15 33
3 15 34
0 16 34
2 40 36
2 41 36
0 42 36
5 44 46
3 44 47
2 45 47
2 46 47
0 47 47
2 17 42
2 18 42
0 19 42
1 3 15
1 3 16
1 3 17
0 3 18
0 10 22
5 37 4
3 36 4
0 36 3
1 4 43
1 4 44
1 4 45
0 4 46
2 11 15
2 12 15
2 13 15
0 14 15
1 14 14
0 14 13
1 3 19
1 3 20
1 3 21
1 3 22
4 3 23
2 2 23
0 1 23
1 45 24
4 45 25
6 44 25
1 44 26
1 44 27
4 44 28
0 43 28
2 11 25
5 12 25
3 12 26
0 13 26
2 45 16
0 46 16
0 43 36
1 27 19
1 27 20
1 27 21
1 27 22
1 27 23
0 27 24
1 21 32
1 21 33
0 21 34
2 38 47
2 37 47
2 36 47
6 35 47
4 35 48
0 34 48
-1
-1
-1
-1
-1
-1
-1
-1
-1
-1
-1
-1
-1
-1
-1
-1
-1
-1
-1
-1
-1
-1
-1
-1
-1
-1
-1
-1
-1
-1
-1
-1
-1
-1
-1
-1
-1
-1
-1
-1
-1
-1
-1
-1
-1
-1
-1
-1
-1
-1
-1
-1
-1
-1
-1
-1
-1
-1
-1
-1
-1
-1
-1
-1
-1
-1
-1
-1
-1
-1
-1
-1
-1
-1
-1
-1
-1
-1
-1
-1
-1
-1
-1
-1
-1
-1
-1
-1
-1
-1
-1
-1
-1
-1
-1
-1
-1
-1
-1
-1
-1
-1
-1
-1
-1
-1
-1
-1
-1
-1
-1
-1
-1
-1
-1
-1
-1
-1
-1
-1
-1
-1
-1
-1
-1
-1
-1
-1
-1
-1
-1
-1
-1
-1
-1
-1
-1
-1
-1
-1
-1
-1
-1
-1
-1
-1
-1
-1
-1
-1
-1
-1
-1
-1
-1
-1
-1
-1
-1
-1
-1
-1
-1
-1
-1
-1
-1
-1
-1
-1
-1
-1
-1
-1
-1
-1
-1
-1
-1
-1
-1
-1
-1
-1
-1
-1
-1
-1
-1
-1
-1
-1
-1
-1
-1
-1
-1
-1
-1
-1
-1
-1
-1
-1
-1
-1
-1
-1
-1
-1
-1
-1
-1
-1
-1
-1
-1
-1
-1
-1
-1
-1
-1
-1
-1
-1
-1
-1
-1
-1
-1
-1
-1
-1
-1
-1
-1
-1
-1
-1
-1
-1
-1
-1
-1
-1
-1
-1
-1
-1
-1
-1
-1
-1
-1
-1
-1
-1
-1
-1
-1
-1
-1
-1
-1
-1
-1
-1
-1
-1
-1
-1
-1
-1
-1
-1
-1
-1
-1
-1
-1
-1
-1
-1
-1
-1
-1
-1
-1
-1
-1
-1
-1
-1
-1
-1
-1
-1
-1
-1
-1
-1
-1
-1
-1
-1
-1
-1
