# yaki_cnt = 544900
# 70
0 17 43
4 19 43
2 18 43
4 23 42
2 22 42
2 21 42
2 20 42
6 19 42
1 24 39
1 24 40
4 24 41
1 30 37
4 30 38
2 29 38
2 28 38
2 27 38
2 26 38
2 25 38
1 34 27
1 34 28
1 34 29
1 34 30
1 34 31
1 34 32
1 34 33
1 34 34
1 34 35
4 34 36
2 33 36
2 32 36
2 31 36
1 36 22
1 36 23
1 36 24
1 36 25
4 36 26
2 35 26
6 34 26
6 30 36
6 24 38
6 23 41
0 36 21
1 43 19
1 43 20
4 43 21
2 42 21
-1
2 41 21
-1
2 40 21
-1
-1
2 39 21
-1
2 38 21
-1
2 37 21
-1
1 43 9
-1
-1
1 43 10
-1
1 43 11
-1
1 43 12
-1
-1
1 43 13
-1
1 43 14
-1
1 43 15
-1
1 43 16
-1
-1
1 43 17
-1
1 43 18
-1
-1
-1
-1
-1
-1
-1
-1
-1
-1
-1
-1
-1
-1
-1
-1
-1
-1
-1
-1
-1
-1
-1
-1
-1
-1
-1
-1
-1
-1
-1
-1
-1
-1
-1
-1
-1
-1
-1
-1
-1
-1
-1
-1
-1
-1
-1
-1
-1
-1
-1
-1
-1
-1
-1
-1
-1
-1
-1
-1
-1
-1
-1
-1
-1
-1
-1
-1
-1
-1
-1
-1
-1
-1
-1
-1
-1
-1
-1
-1
-1
-1
-1
-1
-1
-1
-1
-1
-1
-1
-1
-1
-1
-1
-1
-1
-1
-1
-1
-1
-1
-1
-1
-1
-1
-1
-1
-1
-1
-1
-1
-1
-1
0 43 8
1 44 13
1 44 12
1 44 11
1 44 10
1 44 9
5 44 8
-1
-1
-1
-1
-1
-1
-1
-1
-1
-1
-1
-1
-1
-1
-1
-1
-1
-1
-1
-1
-1
-1
-1
-1
-1
-1
-1
-1
-1
-1
-1
-1
-1
-1
-1
-1
-1
-1
-1
-1
-1
-1
-1
-1
-1
0 44 14
-1
-1
-1
-1
-1
-1
-1
-1
-1
-1
-1
-1
-1
-1
-1
-1
-1
-1
-1
-1
-1
-1
-1
-1
-1
-1
-1
-1
-1
-1
0 23 41
2 17 8
2 18 8
2 19 8
2 20 8
2 21 8
2 22 8
2 23 8
2 24 8
2 25 8
2 26 8
2 27 8
2 28 8
2 29 8
2 30 8
2 31 8
2 32 8
2 33 8
2 34 8
2 35 8
2 36 8
2 37 8
2 38 8
2 39 8
2 40 8
2 41 8
2 42 8
2 11 8
2 12 8
2 13 8
2 14 8
2 15 8
2 16 8
0 10 8
4 27 44
2 26 44
2 25 44
2 24 44
2 23 44
2 22 44
2 21 44
2 20 44
2 19 44
2 18 44
3 17 44
-1
-1
-1
-1
-1
-1
-1
-1
-1
0 27 43
2 11 45
2 12 45
2 13 45
2 14 45
2 15 45
4 16 45
1 16 44
6 16 43
2 2 45
2 3 45
2 4 45
2 5 45
2 6 45
2 7 45
2 8 45
2 9 45
2 10 45
-1
-1
0 1 45
-1
-1
-1
-1
-1
-1
-1
-1
-1
-1
-1
0 43 18
2 28 21
2 29 21
2 30 21
2 31 21
2 32 21
2 33 21
2 34 21
2 35 21
2 23 22
2 24 22
2 25 22
2 26 22
4 27 22
6 27 21
0 22 22
4 10 13
1 10 12
1 10 11
1 10 10
1 10 9
-1
-1
-1
-1
0 9 13
1 17 35
1 17 36
1 17 37
1 17 38
1 17 39
1 17 40
1 17 41
1 17 42
2 14 34
2 15 34
2 16 34
5 17 34
0 13 34
-1
-1
-1
-1
-1
0 16 8
2 6 37
2 7 37
2 8 37
2 9 37
2 10 37
2 11 37
2 12 37
4 13 37
1 13 36
1 13 35
0 5 37
4 28 46
1 28 45
1 28 44
5 28 43
0 27 46
2 7 2
2 8 2
2 9 2
5 10 2
1 10 3
1 10 4
1 10 5
1 10 6
1 10 7
0 6 2
1 47 11
1 47 12
1 47 13
4 47 14
2 46 14
2 45 14
0 47 10
2 26 46
2 21 46
2 22 46
2 23 46
2 24 46
2 25 46
2 17 47
2 18 47
2 19 47
4 20 47
6 20 46
0 16 47
0 17 34
2 12 39
2 11 39
2 10 39
2 9 39
2 8 39
2 7 39
2 6 39
3 5 39
1 5 38
0 13 39
0 24 38
5 6 1
0 5 1
5 11 1
2 10 1
2 9 1
2 8 1
3 7 1
5 7 0
2 6 0
6 5 0
0 11 2
1 2 42
1 2 43
4 2 44
6 1 44
0 2 41
1 14 30
1 14 31
1 14 32
4 14 33
6 13 33
0 14 29
1 15 27
1 15 28
4 15 29
0 15 26
2 19 20
2 20 20
2 21 20
5 22 20
1 22 21
0 18 20
4 32 47
2 31 47
2 30 47
2 29 47
2 28 47
3 27 47
0 32 46
4 37 46
2 36 46
2 35 46
2 34 46
2 33 46
0 37 45
2 22 37
2 23 37
5 24 37
0 21 37
1 21 33
1 21 34
1 21 35
1 21 36
0 21 32
1 21 28
1 21 29
1 21 30
1 21 31
0 21 27
4 16 39
2 15 39
2 14 39
0 16 38
2 40 1
2 41 1
2 42 1
5 43 1
1 43 2
1 43 3
1 43 4
1 43 5
1 43 6
1 43 7
0 39 1
2 10 40
2 11 40
2 12 40
4 13 40
0 9 40
0 10 45
1 6 33
1 6 34
1 6 35
4 6 36
6 5 36
0 6 32
1 8 30
1 8 31
4 8 32
2 7 32
0 8 29
3 9 19
1 9 18
1 9 17
1 9 16
1 9 15
1 9 14
0 10 19
2 39 45
2 38 45
0 40 45
2 1 13
2 2 13
2 3 13
2 4 13
2 5 13
2 6 13
2 7 13
2 8 13
0 0 13
4 16 11
1 16 10
1 16 9
0 15 11
1 0 9
1 0 10
1 0 11
1 0 12
0 0 8
1 27 40
1 27 41
1 27 42
0 27 39
0 30 36
2 41 10
5 42 10
1 42 11
1 42 12
1 42 13
1 42 14
1 42 15
1 42 16
1 42 17
3 42 18
0 40 10
2 1 32
2 2 32
2 3 32
2 4 32
2 5 32
0 0 32
2 21 49
2 20 49
2 19 49
2 18 49
2 17 49
3 16 49
1 16 48
0 22 49
2 39 10
0 38 10
0 20 46
2 6 21
2 7 21
2 8 21
2 9 21
4 10 21
1 10 20
0 5 21
2 13 41
2 12 41
2 11 41
2 10 41
3 9 41
0 14 41
0 27 21
1 28 14
1 28 15
1 28 16
1 28 17
1 28 18
1 28 19
4 28 20
6 27 20
0 28 13
2 34 17
2 35 17
5 36 17
1 36 18
1 36 19
1 36 20
0 33 17
1 20 17
1 20 18
4 20 19
2 19 19
6 18 19
0 20 16
4 8 41
6 8 40
0 7 41
2 45 22
3 44 22
1 44 21
1 44 20
1 44 19
5 44 18
0 46 22
1 21 4
1 21 5
1 21 6
4 21 7
2 20 7
2 19 7
2 18 7
2 17 7
6 16 7
0 21 3
2 4 46
2 3 46
2 2 46
3 1 46
0 5 46
1 11 23
1 11 22
1 11 21
1 11 20
5 11 19
0 11 24
0 34 26
2 36 41
5 37 41
1 37 42
1 37 43
1 37 44
0 35 41
-1
-1
-1
-1
-1
-1
-1
-1
-1
-1
-1
-1
-1
-1
-1
-1
-1
-1
-1
-1
-1
-1
-1
-1
-1
-1
-1
-1
-1
-1
-1
-1
-1
-1
-1
-1
-1
-1
-1
-1
-1
-1
-1
-1
-1
-1
-1
-1
-1
-1
-1
-1
-1
-1
-1
-1
-1
-1
-1
-1
-1
-1
-1
-1
-1
-1
-1
-1
-1
-1
-1
-1
-1
-1
-1
-1
-1
-1
-1
-1
-1
-1
-1
-1
-1
-1
-1
-1
-1
-1
-1
-1
-1
-1
-1
-1
-1
-1
-1
-1
-1
-1
-1
-1
-1
-1
-1
-1
-1
-1
