# start_size = 74
# yaki_cnt = 375960
# end_size = 83
# real_sz = 83
0 7 11
3 7 12
5 8 12
1 8 13
1 8 14
3 8 15
2 9 15
5 10 15
3 10 16
5 11 16
3 11 17
1 12 18
1 12 19
1 12 20
3 12 22
2 13 22
2 14 22
2 15 22
2 16 22
1 12 21
3 17 23
2 18 23
5 19 23
3 19 24
2 20 24
2 21 24
5 22 24
3 22 25
1 23 26
1 23 27
1 23 28
3 23 29
5 23 25
5 17 22
5 12 17
3 24 30
1 25 31
1 25 32
3 25 33
5 26 33
5 25 30
5 24 29
0 26 34
2 27 34
2 28 34
1 29 35
1 29 36
1 29 37
1 29 38
5 29 34
-1
-1
-1
-1
-1
-1
-1
-1
-1
-1
-1
-1
-1
-1
-1
-1
-1
-1
-1
-1
-1
-1
-1
-1
0 29 39
6 6 11
1 6 12
1 6 13
1 6 14
1 6 15
1 6 16
1 6 17
1 6 18
1 6 19
1 6 20
1 6 21
-1
-1
-1
-1
-1
-1
-1
-1
-1
-1
-1
-1
-1
-1
-1
-1
-1
-1
-1
-1
-1
-1
-1
-1
-1
-1
-1
-1
-1
-1
-1
-1
-1
0 6 22
-1
-1
-1
-1
-1
-1
-1
-1
-1
-1
-1
-1
-1
-1
-1
-1
-1
-1
-1
-1
-1
-1
0 24 29
2 27 39
2 26 39
2 25 39
2 28 39
-1
-1
-1
-1
-1
-1
-1
-1
-1
-1
-1
-1
-1
-1
-1
-1
0 24 39
6 5 22
1 5 23
1 5 24
4 5 25
6 4 25
1 4 27
1 4 28
1 4 26
-1
-1
-1
-1
-1
-1
-1
-1
-1
0 4 29
1 23 40
1 23 41
1 23 42
1 23 43
1 23 44
1 23 45
6 23 39
-1
-1
-1
-1
-1
-1
-1
0 23 46
2 5 29
2 6 29
2 7 29
2 8 29
5 9 29
1 9 30
-1
-1
-1
-1
-1
0 9 31
-1
-1
-1
-1
-1
-1
-1
-1
0 12 17
-1
-1
-1
-1
-1
-1
-1
0 17 22
2 30 39
2 31 39
2 32 39
5 33 39
-1
-1
-1
0 33 40
3 3 29
1 3 28
1 3 27
-1
-1
-1
0 3 26
4 34 40
1 34 39
1 34 38
1 34 37
1 34 36
1 34 35
0 34 34
4 8 11
1 8 10
1 8 9
6 8 8
4 9 8
0 9 7
3 33 41
2 34 41
5 35 41
1 35 42
1 35 43
1 35 44
3 35 45
0 36 45
1 9 32
1 9 33
1 9 34
0 9 35
4 25 29
6 25 28
2 26 28
2 27 28
2 28 28
0 29 28
1 29 40
1 29 41
1 29 42
0 29 43
4 30 28
1 30 27
1 30 26
1 30 25
1 30 24
0 30 23
-1
0 29 34
2 31 23
4 32 23
1 32 22
1 32 21
1 32 20
1 32 19
0 32 18
2 33 18
2 34 18
2 35 18
0 36 18
0 4 26
2 25 34
2 24 34
-1
0 23 34
-1
-1
0 12 21
3 29 29
5 30 29
-1
0 30 30
5 5 26
3 5 27
2 6 27
5 7 27
3 7 28
0 8 28
4 9 28
1 9 27
1 9 26
0 9 25
6 2 26
1 2 27
4 2 28
2 1 28
0 0 28
0 33 39
2 22 34
2 21 34
0 20 34
5 30 34
1 30 35
3 30 36
0 31 36
4 7 22
1 7 21
0 7 20
5 7 10
2 6 10
6 5 10
0 5 11
2 31 18
2 30 18
2 29 18
2 28 18
0 27 18
0 35 45
1 26 35
0 26 36
6 8 35
4 8 36
0 7 36
3 26 18
5 26 17
3 25 17
5 25 16
0 24 16
2 10 35
0 11 35
0 12 35
2 13 17
2 14 17
0 15 17
2 13 35
2 14 35
0 15 35
2 35 34
2 36 34
2 37 34
0 38 34
1 3 25
1 3 24
1 3 23
1 3 22
5 3 21
0 2 21
2 39 34
0 40 34
0 28 39
0 23 25
1 40 35
1 40 36
3 40 37
2 41 37
5 42 37
3 42 38
0 43 38
2 16 17
4 17 17
0 17 16
2 22 46
2 21 46
2 20 46
0 19 46
1 19 45
1 19 44
1 19 43
0 19 42
0 25 30
0 24 15
5 20 33
3 19 33
0 19 32
4 31 30
1 31 29
1 31 28
1 31 27
6 31 26
4 32 26
6 32 25
4 33 25
0 33 24
5 34 24
1 34 25
3 34 26
0 35 26
1 5 12
1 5 13
1 5 14
1 5 15
0 5 16
5 37 18
3 37 19
5 38 19
3 38 20
0 39 20
2 6 36
2 5 36
2 4 36
2 3 36
0 2 36
3 4 11
5 4 10
3 3 10
1 3 9
1 3 8
5 3 7
0 2 7
1 7 37
1 7 38
1 7 39
0 7 40
1 39 19
1 39 18
1 39 17
1 39 16
0 39 15
0 23 39
1 43 39
3 43 40
2 44 40
2 45 40
2 46 40
0 47 40
6 11 21
1 11 22
3 11 23
2 12 23
0 13 23
1 47 41
1 47 42
1 47 43
1 47 44
1 47 45
1 47 46
0 47 47
5 14 23
1 14 24
1 14 25
0 14 26
1 27 19
1 27 20
0 27 21
0 14 27
2 36 26
2 37 26
5 38 26
3 38 27
5 39 27
0 39 28
2 40 28
2 41 28
2 42 28
2 43 28
2 44 28
2 45 28
2 46 28
0 47 28
1 47 29
0 47 30
4 29 44
0 28 44
2 15 27
2 16 27
2 17 27
2 18 27
2 19 27
0 20 27
1 28 45
1 28 46
0 28 47
1 7 41
1 7 42
1 7 43
1 7 44
1 7 45
1 7 46
1 7 47
0 7 48
2 40 15
2 41 15
2 42 15
2 43 15
2 44 15
2 45 15
0 46 15
3 23 15
1 23 14
1 23 13
1 23 12
1 23 11
1 23 10
0 23 9
1 23 8
1 23 7
1 23 6
1 23 5
1 23 4
1 23 3
1 23 2
1 23 1
0 23 0
1 2 8
1 2 9
1 2 10
1 2 11
1 2 12
0 2 13
1 46 14
1 46 13
1 46 12
1 46 11
1 46 10
1 46 9
1 46 8
1 46 7
1 46 6
1 46 5
1 46 4
1 46 3
0 46 2
-1
-1
-1
-1
-1
-1
-1
-1
-1
-1
-1
-1
-1
-1
-1
-1
-1
-1
-1
-1
-1
-1
-1
-1
-1
-1
-1
-1
-1
-1
-1
-1
-1
-1
-1
-1
-1
-1
-1
-1
-1
-1
-1
-1
-1
-1
-1
-1
-1
-1
-1
-1
-1
-1
-1
-1
-1
-1
-1
-1
-1
-1
-1
-1
-1
-1
-1
-1
-1
-1
-1
-1
-1
-1
-1
-1
-1
-1
-1
-1
-1
-1
-1
-1
-1
-1
-1
-1
-1
-1
-1
-1
-1
-1
-1
-1
-1
-1
-1
-1
-1
-1
-1
-1
-1
-1
-1
-1
-1
-1
-1
-1
-1
-1
-1
-1
-1
-1
-1
-1
-1
-1
-1
-1
-1
-1
-1
-1
-1
-1
-1
-1
-1
-1
-1
-1
-1
-1
-1
-1
-1
-1
-1
-1
-1
-1
-1
-1
-1
-1
-1
-1
-1
-1
-1
-1
-1
-1
-1
-1
-1
-1
-1
-1
-1
-1
-1
-1
-1
-1
-1
-1
-1
-1
-1
-1
-1
-1
-1
-1
-1
-1
-1
-1
-1
-1
-1
-1
-1
-1
-1
-1
-1
-1
-1
-1
-1
-1
-1
-1
-1
-1
-1
-1
-1
-1
-1
-1
-1
-1
-1
-1
-1
-1
-1
-1
-1
-1
-1
-1
-1
-1
-1
-1
-1
-1
-1
-1
-1
-1
-1
-1
-1
-1
-1
-1
-1
-1
-1
-1
-1
-1
-1
-1
-1
-1
-1
-1
-1
-1
-1
-1
-1
