# yaki_cnt = 72460
0 46 10
2 45 10
2 44 10
2 43 10
2 42 10
2 41 10
2 40 10
2 39 10
2 38 10
2 37 10
2 36 10
0 35 10
4 35 11
6 34 11
-1
-1
1 34 12
-1
-1
-1
1 34 13
-1
-1
1 34 14
-1
-1
-1
1 34 15
-1
-1
1 34 17
-1
-1
4 34 18
-1
-1
-1
6 33 18
-1
-1
1 33 19
-1
-1
-1
2 32 20
-1
-1
2 31 20
-1
-1
-1
4 33 20
-1
-1
1 34 16
-1
-1
-1
4 30 21
-1
-1
2 29 21
-1
-1
6 28 21
-1
-1
-1
1 28 22
-1
-1
6 30 20
-1
-1
-1
-1
-1
-1
-1
-1
-1
-1
-1
-1
-1
-1
-1
-1
-1
-1
-1
-1
-1
-1
-1
-1
-1
-1
-1
-1
-1
-1
-1
-1
-1
-1
-1
-1
-1
-1
-1
-1
-1
-1
-1
-1
-1
-1
-1
-1
-1
-1
-1
-1
-1
-1
-1
-1
-1
-1
-1
-1
-1
-1
-1
-1
-1
-1
-1
-1
-1
-1
-1
-1
-1
-1
-1
-1
-1
-1
-1
-1
-1
-1
-1
-1
-1
-1
-1
-1
-1
-1
-1
-1
-1
-1
-1
-1
-1
-1
-1
-1
-1
-1
-1
-1
-1
-1
-1
-1
-1
-1
-1
-1
-1
-1
-1
-1
-1
-1
-1
-1
-1
-1
-1
-1
-1
-1
-1
-1
-1
-1
-1
-1
-1
-1
-1
-1
-1
-1
-1
-1
-1
-1
-1
-1
-1
-1
-1
-1
-1
-1
-1
-1
-1
-1
-1
-1
-1
-1
-1
-1
-1
-1
-1
-1
-1
-1
-1
-1
-1
-1
-1
-1
0 28 23
-1
2 27 23
2 26 23
-1
6 25 23
-1
1 25 24
1 25 25
-1
4 25 26
-1
6 24 26
2 23 27
-1
2 22 27
-1
2 21 27
2 19 27
-1
2 18 27
-1
2 17 27
2 16 27
-1
2 15 27
-1
2 14 27
2 13 27
-1
2 12 27
-1
2 20 27
1 11 28
-1
1 11 29
-1
1 11 30
6 11 27
-1
4 11 32
-1
6 10 32
1 10 33
-1
4 10 34
-1
1 11 31
1 9 35
-1
1 9 36
-1
1 9 37
1 9 38
-1
6 9 34
-1
4 9 40
1 9 39
-1
4 24 27
-1
-1
-1
-1
-1
-1
-1
-1
-1
-1
-1
-1
-1
-1
-1
-1
-1
-1
-1
-1
-1
-1
-1
-1
-1
-1
-1
-1
-1
-1
-1
-1
-1
-1
-1
-1
-1
-1
-1
-1
-1
-1
-1
-1
-1
-1
-1
-1
-1
-1
-1
-1
-1
-1
-1
-1
-1
-1
-1
-1
-1
-1
-1
-1
-1
-1
-1
-1
-1
-1
-1
-1
-1
-1
-1
-1
-1
-1
-1
-1
-1
-1
0 8 40
2 29 23
2 30 23
2 31 23
2 32 23
2 33 23
2 34 23
2 35 23
2 36 23
-1
-1
-1
-1
-1
-1
-1
-1
-1
-1
-1
-1
-1
-1
-1
-1
-1
-1
-1
-1
-1
-1
-1
-1
-1
-1
-1
-1
-1
-1
-1
-1
-1
-1
-1
0 37 23
1 37 22
1 37 21
1 37 20
1 37 19
4 38 18
6 38 17
2 39 17
2 40 17
6 37 18
-1
-1
-1
-1
-1
-1
-1
-1
-1
-1
-1
0 41 17
-1
-1
-1
-1
-1
-1
-1
-1
-1
-1
-1
-1
0 30 20
3 8 41
2 9 41
5 10 41
3 10 42
-1
-1
-1
-1
-1
-1
-1
0 11 42
5 41 16
3 40 16
5 40 15
3 39 15
1 39 14
1 39 13
1 39 12
-1
-1
0 39 11
-1
-1
-1
-1
-1
-1
0 11 27
2 29 20
2 28 20
2 27 20
1 26 19
1 26 18
3 26 20
-1
0 26 17
1 26 16
1 26 15
1 26 14
1 26 13
5 26 12
0 25 12
1 37 24
1 37 25
4 37 26
-1
-1
0 36 26
3 36 27
2 37 27
2 38 27
2 39 27
2 40 27
2 41 27
2 42 27
2 43 27
0 44 27
6 7 40
1 7 41
1 7 42
0 7 43
1 44 28
3 44 29
0 45 29
5 25 11
3 24 11
5 24 9
3 23 9
1 23 8
1 23 7
1 24 10
0 23 6
0 24 27
2 22 6
2 21 6
2 20 6
2 19 6
2 18 6
0 17 6
0 34 16
5 38 23
3 38 24
5 39 24
1 39 25
0 39 26
0 9 39
1 46 11
1 46 12
0 46 13
4 45 30
6 44 30
4 44 31
2 43 31
2 42 31
0 41 31
0 11 31
5 8 39
3 7 39
5 7 38
0 6 38
0 37 18
4 24 6
6 24 5
2 25 5
2 26 5
2 27 5
0 28 5
0 20 27
0 42 10
0 9 34
2 35 26
0 34 26
1 28 6
1 28 7
1 28 8
0 28 9
0 33 20
2 33 26
2 32 26
0 31 26
4 45 27
6 45 26
0 46 26
4 17 7
2 16 7
2 15 7
2 14 7
6 13 7
1 13 8
4 13 9
0 12 9
1 12 10
1 12 11
0 12 12
2 42 17
2 43 17
2 44 17
0 45 17
2 24 12
2 23 12
2 22 12
0 21 12
1 45 18
4 45 19
6 44 19
0 44 20
0 24 10
3 6 43
5 6 42
2 5 42
2 4 42
0 3 42
2 29 5
2 30 5
0 31 5
1 28 10
1 28 11
1 28 12
0 28 13
1 31 4
1 31 3
5 31 2
0 30 2
1 34 27
1 34 28
1 34 29
1 34 30
0 34 31
1 34 32
4 34 33
6 33 33
1 33 34
0 33 35
3 33 36
5 34 36
3 34 37
0 35 37
2 36 37
2 37 37
0 38 37
0 26 20
2 25 20
2 24 20
2 23 20
0 22 20
3 12 13
2 13 13
5 14 13
3 14 14
5 15 14
0 15 15
5 42 9
2 41 9
3 40 9
0 40 8
3 39 8
1 39 7
1 39 6
1 39 5
1 39 4
0 39 3
6 39 2
4 40 2
1 40 1
0 40 0
3 32 35
5 32 34
2 31 34
0 30 34
4 47 10
6 47 9
4 48 9
1 48 8
1 48 7
0 48 6
1 20 28
1 20 29
1 20 30
1 20 31
0 20 32
6 11 12
4 11 13
2 10 13
2 9 13
6 8 13
4 8 14
6 7 14
0 7 15
3 6 15
1 6 14
1 6 13
5 6 12
2 5 12
2 4 12
2 3 12
3 2 12
5 2 11
0 1 11
3 38 38
2 39 38
2 40 38
2 41 38
2 42 38
2 43 38
2 44 38
2 45 38
2 46 38
0 47 38
1 7 16
1 7 17
1 7 18
4 7 19
2 6 19
6 5 19
4 5 20
2 4 20
0 3 20
3 11 9
1 11 8
1 11 7
1 11 6
1 11 5
1 11 4
1 11 3
1 11 2
0 11 1
-1
-1
-1
-1
-1
-1
-1
-1
-1
-1
-1
-1
-1
-1
-1
-1
-1
-1
-1
-1
-1
-1
-1
-1
-1
-1
-1
-1
-1
-1
-1
-1
-1
-1
-1
-1
-1
-1
-1
-1
-1
-1
-1
-1
-1
-1
-1
-1
-1
-1
-1
-1
-1
-1
-1
-1
-1
-1
-1
-1
-1
-1
-1
-1
-1
-1
-1
