# yaki_cnt = 157070
# 103
0 19 20
2 22 22
2 21 22
2 20 22
3 19 22
1 19 21
2 27 23
2 26 23
2 25 23
2 24 23
3 23 23
5 23 22
0 28 23
1 28 16
1 28 17
-1
1 28 18
-1
1 28 19
-1
1 28 20
-1
1 28 21
-1
1 28 22
-1
4 30 15
-1
-1
2 29 15
-1
2 34 14
-1
2 33 14
-1
2 32 14
-1
2 31 14
-1
6 30 14
-1
2 38 14
-1
2 37 14
-1
-1
2 36 14
-1
2 43 14
-1
2 42 14
-1
2 41 14
-1
2 40 14
-1
4 44 14
-1
2 39 14
-1
2 35 14
-1
-1
6 28 15
-1
-1
-1
-1
-1
-1
-1
-1
-1
-1
-1
-1
-1
-1
-1
-1
-1
-1
-1
-1
-1
-1
-1
-1
-1
-1
-1
-1
-1
-1
-1
-1
-1
-1
-1
-1
-1
-1
-1
-1
-1
-1
-1
-1
-1
-1
-1
-1
-1
-1
-1
-1
-1
-1
-1
-1
-1
-1
-1
-1
-1
-1
-1
-1
-1
-1
-1
-1
-1
-1
-1
-1
-1
-1
-1
-1
-1
-1
-1
-1
-1
-1
-1
-1
-1
-1
-1
-1
-1
-1
-1
-1
-1
-1
-1
-1
-1
-1
-1
-1
-1
-1
-1
-1
-1
0 44 13
2 19 24
3 18 24
1 18 23
1 18 22
1 18 21
6 18 20
5 20 24
1 20 31
1 20 30
1 20 29
1 20 28
1 20 27
1 20 26
3 20 37
1 20 36
1 20 35
1 20 34
1 20 33
1 20 32
1 20 25
-1
-1
-1
-1
-1
-1
-1
-1
-1
-1
-1
-1
-1
-1
-1
-1
-1
-1
-1
-1
-1
-1
-1
-1
-1
-1
0 21 37
-1
-1
-1
-1
-1
-1
-1
-1
-1
-1
-1
-1
-1
-1
0 23 22
2 42 11
2 43 11
5 44 11
1 44 12
-1
-1
-1
-1
-1
-1
-1
-1
0 41 11
4 17 22
1 17 21
1 17 20
6 17 19
2 18 19
5 19 19
1 16 28
1 16 27
1 16 26
1 16 25
1 16 24
1 16 23
6 16 22
0 16 29
2 12 18
2 13 18
2 14 18
2 15 18
2 16 18
2 17 18
2 18 18
2 19 18
5 20 18
1 20 19
4 20 20
0 11 18
2 32 11
2 33 11
2 34 11
2 35 11
2 36 11
2 37 11
2 38 11
2 39 11
2 40 11
0 31 11
0 20 25
1 45 10
1 45 11
1 45 12
4 45 13
0 45 9
-1
-1
0 28 15
3 46 11
1 46 10
5 46 9
0 47 11
1 42 8
1 42 9
4 42 10
6 41 10
0 42 7
1 24 36
4 24 37
2 23 37
2 22 37
0 24 35
1 25 32
1 25 33
1 25 34
4 25 35
0 25 31
2 13 19
2 12 19
3 11 19
0 14 19
0 16 22
1 15 16
4 15 17
2 14 17
2 13 17
2 12 17
6 11 17
0 15 15
1 10 16
1 10 17
3 10 18
0 10 15
1 30 21
1 30 22
4 30 23
2 29 23
0 30 20
1 30 19
0 30 18
2 32 18
2 31 18
0 33 18
2 27 36
3 26 36
1 26 35
1 26 34
1 26 33
1 26 32
5 26 31
0 28 36
2 31 24
2 30 24
2 29 24
3 28 24
0 32 24
4 19 15
2 18 15
2 17 15
2 16 15
0 19 14
4 38 36
2 37 36
2 36 36
2 35 36
2 34 36
2 33 36
2 32 36
2 31 36
2 30 36
2 29 36
0 38 35
2 43 36
2 42 36
2 41 36
2 40 36
3 39 36
5 39 35
0 44 36
0 45 36
1 20 11
1 20 12
1 20 13
4 20 14
0 20 10
2 48 36
2 47 36
2 46 36
0 49 36
2 19 8
5 20 8
1 20 9
0 18 8
4 21 40
1 21 39
1 21 38
0 20 40
5 44 33
1 44 34
1 44 35
0 43 33
2 42 30
5 43 30
1 43 31
1 43 32
0 41 30
5 41 26
1 41 27
1 41 28
1 41 29
0 40 26
2 23 43
2 22 43
2 21 43
3 20 43
1 20 42
1 20 41
0 24 43
2 26 43
2 25 43
0 27 43
2 40 7
2 41 7
0 39 7
2 27 11
2 28 11
2 29 11
2 30 11
0 26 11
5 26 9
1 26 10
0 25 9
1 28 7
4 28 8
2 27 8
2 26 8
6 25 8
0 28 6
1 46 32
1 46 33
1 46 34
4 46 35
6 45 35
0 46 31
1 46 28
1 46 29
1 46 30
0 46 27
2 16 9
2 17 9
4 18 9
0 15 9
1 46 26
0 46 25
0 20 32
2 25 15
2 26 15
2 27 15
0 24 15
2 12 9
2 13 9
2 14 9
0 11 9
2 14 28
5 15 28
3 15 29
0 13 28
0 41 10
2 17 40
2 18 40
2 19 40
0 16 40
2 12 40
2 13 40
2 14 40
2 15 40
0 11 40
5 16 36
1 16 37
1 16 38
1 16 39
0 15 36
3 17 36
5 17 35
2 16 35
6 15 35
0 18 36
5 23 18
1 23 19
1 23 20
1 23 21
0 22 18
2 14 22
2 15 22
0 13 22
4 49 40
1 49 39
1 49 38
1 49 37
0 48 40
2 47 41
4 48 41
0 46 41
1 40 21
1 40 22
1 40 23
1 40 24
1 40 25
0 40 20
3 32 29
1 32 28
1 32 27
1 32 26
1 32 25
0 33 29
2 7 40
2 8 40
2 9 40
2 10 40
0 6 40
1 27 45
1 27 44
0 27 46
1 6 43
1 6 42
1 6 41
0 6 44
2 21 45
2 22 45
2 23 45
4 24 45
1 24 44
0 20 45
3 41 22
1 41 21
5 41 20
0 42 22
1 26 21
4 26 22
2 25 22
2 24 22
0 26 20
3 20 49
1 20 48
1 20 47
1 20 46
0 21 49
3 21 12
1 21 11
5 21 10
0 22 12
1 24 8
3 24 9
0 24 7
2 32 6
2 31 6
2 30 6
2 29 6
0 33 6
3 6 48
1 6 47
1 6 46
1 6 45
0 7 48
2 39 30
2 40 30
0 38 30
2 35 18
2 34 18
0 36 18
2 3 45
2 4 45
4 5 45
6 5 44
0 2 45
2 22 27
3 21 27
1 21 26
5 21 25
0 23 27
1 47 22
1 47 23
1 47 24
4 47 25
0 47 21
1 34 4
1 34 5
4 34 6
0 34 3
2 17 48
2 18 48
4 19 48
1 19 47
1 19 46
6 19 45
0 16 48
1 8 37
1 8 38
4 8 39
2 7 39
6 6 39
0 8 36
5 8 30
1 8 31
1 8 32
1 8 33
1 8 34
1 8 35
0 7 30
1 28 3
1 28 4
1 28 5
0 28 2
0 35 14
0 39 14
0 44 14
1 43 4
1 43 5
1 43 6
4 43 7
0 43 3
0 30 14
1 11 44
1 11 43
1 11 42
1 11 41
0 11 45
2 37 9
2 38 9
4 39 9
1 39 8
0 36 9
2 12 26
5 13 26
1 13 27
0 11 26
1 18 28
4 18 29
2 17 29
0 18 27
0 20 24
2 28 28
2 27 28
2 26 28
2 25 28
2 24 28
3 23 28
0 29 28
1 29 31
1 29 30
1 29 29
0 29 32
4 7 31
0 6 31
1 34 23
4 34 24
2 33 24
0 34 22
4 9 20
1 9 19
1 9 18
1 9 17
1 9 16
6 9 15
0 8 20
2 29 48
2 28 48
3 27 48
1 27 47
0 30 48
2 4 34
2 5 34
4 6 34
1 6 33
1 6 32
0 3 34
2 3 9
2 4 9
2 5 9
2 6 9
2 7 9
2 8 9
2 9 9
2 10 9
0 2 9
3 2 13
1 2 12
1 2 11
1 2 10
0 3 13
2 36 43
2 35 43
2 34 43
2 33 43
2 32 43
2 31 43
2 30 43
2 29 43
2 28 43
0 37 43
-1
-1
-1
-1
-1
-1
-1
-1
-1
-1
-1
-1
-1
-1
-1
-1
-1
-1
-1
-1
-1
-1
-1
-1
-1
-1
-1
-1
-1
-1
-1
-1
-1
-1
-1
-1
-1
-1
-1
-1
-1
-1
-1
-1
-1
-1
-1
-1
-1
-1
-1
-1
-1
-1
-1
-1
-1
-1
-1
-1
-1
-1
-1
-1
-1
-1
-1
-1
-1
-1
-1
-1
-1
-1
-1
-1
-1
-1
-1
-1
-1
-1
-1
-1
-1
-1
-1
-1
-1
-1
-1
-1
-1
-1
-1
-1
-1
-1
-1
-1
-1
-1
-1
-1
-1
-1
-1
-1
