# Error don't exsist nearly station
0 1 15
1 1 17
1 1 16
2 3 18
2 2 18
3 1 18
2 6 20
2 5 20
3 4 20
1 4 19
2 19 20
2 18 20
2 17 20
2 16 20
2 15 20
2 14 20
2 13 20
2 12 20
2 11 20
2 10 20
2 9 20
2 8 20
2 28 20
2 27 20
2 26 20
2 25 20
2 24 20
2 23 20
2 22 20
2 21 20
2 20 20
2 7 20
2 35 20
2 34 20
2 33 20
2 32 20
2 31 20
2 30 20
2 29 20
5 4 18
0 36 20
2 37 23
3 36 23
1 36 22
1 36 21
2 39 29
3 38 29
1 38 28
1 38 27
1 38 26
1 38 25
1 38 24
5 38 23
2 45 31
2 44 31
2 43 31
2 42 31
2 41 31
3 40 31
1 40 30
5 40 29
1 46 35
1 46 34
1 46 33
1 46 32
5 46 31
0 46 36
-1
-1
-1
-1
-1
-1
-1
-1
-1
-1
0 4 18
1 0 21
1 0 20
1 0 19
1 0 18
1 0 17
1 0 16
6 0 15
2 1 23
3 0 23
1 0 22
3 2 34
1 2 33
1 2 32
1 2 31
1 2 30
1 2 29
1 2 28
1 2 27
1 2 26
1 2 25
1 2 24
5 2 23
0 3 34
2 5 36
2 4 36
3 3 36
1 3 35
0 6 36
0 1 18
4 3 15
2 2 15
2 4 14
6 3 14
0 5 14
2 42 36
2 43 36
2 44 36
2 45 36
2 39 33
2 40 33
5 41 33
1 41 34
1 41 35
3 41 36
2 37 30
5 38 30
1 38 31
1 38 32
2 34 28
2 35 28
5 36 28
1 36 29
3 36 30
1 33 24
1 33 25
1 33 26
1 33 27
3 33 28
3 38 33
0 33 23
1 39 19
4 39 20
2 38 20
2 37 20
0 39 18
1 46 37
2 45 39
4 46 39
1 46 38
2 43 41
4 44 41
1 44 40
6 44 39
0 42 41
1 5 32
1 5 33
4 5 34
2 4 34
0 5 31
0 46 31
0 29 20
5 29 11
1 29 12
1 29 13
1 29 14
1 29 15
1 29 16
1 29 17
1 29 18
1 29 19
0 28 11
2 34 18
2 35 18
5 36 18
1 36 19
0 33 18
4 36 17
2 35 17
2 34 17
6 33 17
0 36 16
0 38 33
1 38 38
1 38 37
1 38 36
1 38 35
1 38 34
0 38 39
2 4 37
2 5 37
4 6 37
0 3 37
0 41 36
0 40 29
0 2 23
1 9 35
4 9 36
2 8 36
2 7 36
0 9 34
0 44 39
0 38 23
0 7 20
2 41 18
2 40 18
0 42 18
5 5 9
1 5 10
1 5 11
1 5 12
1 5 13
0 4 9
1 7 6
1 7 7
4 7 8
2 6 8
2 5 8
6 4 8
0 7 5
2 32 10
2 31 10
2 30 10
2 29 10
6 28 10
1 34 9
4 34 10
2 33 10
0 34 8
1 35 3
1 35 4
1 35 5
1 35 6
1 35 7
4 35 8
0 35 2
2 6 16
3 5 16
1 5 15
0 7 16
2 44 43
2 43 43
3 42 43
1 42 42
2 46 43
2 45 43
0 47 43
4 12 16
2 11 16
2 10 16
2 9 16
2 8 16
0 12 15
1 42 13
1 42 14
1 42 15
1 42 16
1 42 17
0 42 12
2 46 13
2 45 13
2 44 13
3 43 13
5 43 12
0 47 13
2 31 25
4 32 25
1 32 24
6 32 23
0 30 25
2 27 15
4 28 15
1 28 14
1 28 13
1 28 12
0 26 15
2 26 11
2 27 11
1 25 5
1 25 6
1 25 7
1 25 8
1 25 9
1 25 10
3 25 11
0 25 4
0 33 28
2 4 2
2 5 2
2 6 2
5 7 2
1 7 3
1 7 4
0 3 2
5 1 11
1 1 12
1 1 13
1 1 14
0 0 11
1 39 1
4 39 2
2 38 2
2 37 2
2 36 2
0 39 0
1 3 22
4 3 23
0 3 21
2 46 15
4 47 15
1 47 14
0 45 15
2 5 39
2 4 39
3 3 39
1 3 38
0 6 39
4 44 29
2 43 29
2 42 29
2 41 29
0 44 28
3 1 35
5 2 35
1 2 36
3 2 37
0 1 34
1 32 15
1 32 16
1 32 17
3 32 18
0 32 14
4 24 7
1 24 6
1 24 5
6 24 4
2 22 10
4 23 10
1 23 9
1 23 8
6 23 7
0 21 10
1 7 12
1 7 13
4 7 14
2 6 14
0 7 11
4 40 23
2 39 23
0 40 22
2 18 8
2 19 8
2 20 8
5 21 8
1 21 9
0 17 8
2 45 19
2 44 19
2 43 19
3 42 19
2 47 19
2 46 19
0 48 19
1 38 14
1 38 15
4 38 16
2 37 16
0 38 13
5 17 1
1 17 2
1 17 3
1 17 4
1 17 5
1 17 6
1 17 7
0 16 1
1 49 41
1 49 42
4 49 43
2 48 43
0 49 40
1 4 25
1 4 24
1 4 23
1 4 22
5 4 21
0 4 26
2 25 25
2 26 25
2 27 25
2 28 25
2 29 25
0 24 25
2 35 35
2 36 35
4 37 35
1 37 34
6 37 33
6 34 35
0 34 36
3 34 24
5 34 23
2 36 26
3 35 26
1 35 25
5 35 24
0 37 26
2 33 4
4 34 4
1 34 3
6 34 2
0 32 4
4 13 18
1 13 17
1 13 16
5 13 15
0 12 18
1 41 44
1 41 43
1 41 42
6 41 41
0 41 45
2 21 23
2 22 23
2 23 23
5 24 23
1 24 24
0 20 23
1 47 11
1 47 12
1 47 8
1 47 9
1 47 10
0 47 7
2 24 18
2 25 18
4 26 18
1 26 17
1 26 16
0 23 18
1 30 29
1 30 28
1 30 27
1 30 26
0 30 30
2 30 21
3 29 21
0 31 21
2 18 25
2 19 25
4 20 25
1 20 24
0 17 25
4 48 36
2 47 36
0 48 35
2 20 14
4 21 14
1 21 13
1 21 12
1 21 11
0 19 14
2 11 1
2 12 1
2 13 1
2 14 1
2 15 1
0 10 1
1 17 30
1 17 29
1 17 28
1 17 27
1 17 26
2 18 33
3 17 33
1 17 32
1 17 31
0 19 33
2 23 37
2 22 37
2 21 37
2 20 37
3 19 37
1 19 36
1 19 35
1 19 34
0 24 37
3 6 32
5 6 31
0 7 32
0 33 10
2 20 1
2 19 1
3 18 1
5 18 0
2 17 0
6 16 0
0 21 1
0 35 24
2 9 22
2 8 22
3 7 22
1 7 21
0 10 22
2 16 11
4 17 11
1 17 10
1 17 9
0 15 11
1 0 37
1 0 36
1 0 35
6 0 34
0 0 38
2 45 0
2 44 0
2 43 0
2 42 0
2 41 0
2 40 0
0 46 0
0 25 11
2 44 23
2 43 23
2 42 23
3 41 23
5 41 22
0 45 23
2 18 17
4 19 17
1 19 16
1 19 15
0 17 17
1 8 29
1 8 30
1 8 31
4 8 32
0 8 28
2 31 14
0 30 14
2 31 8
2 32 8
2 33 8
0 30 8
2 10 6
2 9 6
3 8 6
5 8 5
0 11 6
2 37 42
4 38 42
1 38 41
1 38 40
0 36 42
5 23 16
1 23 17
0 22 16
2 34 11
3 33 11
1 36 6
1 36 7
1 36 8
1 36 9
1 36 10
4 36 11
2 35 11
0 36 5
2 47 28
2 46 28
2 45 28
0 48 28
2 20 5
4 21 5
1 21 4
1 21 3
1 21 2
0 19 5
2 28 28
5 29 28
1 29 29
3 29 30
0 27 28
4 40 5
2 39 5
2 38 5
2 37 5
0 40 4
2 14 22
2 13 22
2 12 22
2 11 22
0 15 22
1 9 38
4 9 39
2 8 39
2 7 39
0 9 37
2 41 9
5 42 9
1 42 10
1 42 11
0 40 9
2 11 18
0 10 18
1 37 38
3 37 39
0 37 37
2 27 22
2 28 22
2 29 22
2 30 22
4 31 22
0 26 22
0 46 38
4 15 6
2 14 6
2 13 6
2 12 6
0 15 5
0 36 30
2 31 2
5 32 2
1 32 3
0 30 2
4 27 32
1 27 31
1 27 30
1 27 29
0 26 32
4 34 39
1 34 38
1 34 37
0 33 39
2 15 26
4 16 26
6 16 25
0 14 26
3 39 15
1 39 14
5 39 13
0 40 15
1 41 26
1 41 27
4 41 28
6 40 28
0 41 25
2 23 28
4 24 28
1 24 27
1 24 26
0 22 28
0 46 19
0 17 31
2 26 40
2 25 40
3 24 40
1 24 39
1 24 38
0 27 40
0 4 8
0 20 20
1 33 31
1 33 30
1 33 29
0 33 32
4 46 2
1 46 1
0 45 2
0 3 14
0 35 11
4 27 19
2 26 19
2 25 19
2 24 19
3 23 19
0 27 18
1 1 33
0 1 32
0 0 22
2 42 8
2 41 8
6 40 8
0 43 8
2 2 1
5 3 1
0 1 1
2 25 42
2 26 42
4 27 42
1 27 41
0 24 42
0 40 30
2 15 32
4 16 32
6 16 31
0 14 32
2 10 28
2 9 28
0 11 28
2 7 1
2 8 1
2 9 1
0 6 1
2 24 32
2 25 32
0 23 32
1 11 8
1 11 7
0 11 9
0 45 43
0 23 7
4 41 47
1 41 46
0 40 47
1 30 15
0 30 16
2 28 34
2 27 34
3 26 34
1 26 33
0 29 34
0 19 34
4 18 39
1 18 38
1 18 37
1 18 36
1 18 35
6 18 34
0 17 39
1 47 44
0 47 45
2 20 28
2 21 28
0 19 28
2 29 2
0 28 2
2 4 41
2 5 41
4 6 41
1 6 40
0 3 41
3 45 25
1 45 24
0 46 25
2 39 9
0 38 9
5 17 16
0 16 16
-1
-1
-1
-1
-1
-1
-1
-1
-1
-1
-1
-1
-1
-1
-1
-1
-1
-1
-1
-1
-1
-1
-1
-1
-1
-1
-1
-1
-1
-1
-1
-1
-1
-1
-1
-1
-1
-1
-1
-1
-1
-1
-1
-1
-1
-1
-1
-1
-1
-1
-1
-1
-1
-1
-1
