# money = 134295
# income = 955
1 44 4
1 44 5
1 44 6
1 44 7
1 44 8
1 44 9
1 44 10
1 44 11
1 44 12
1 44 13
1 44 14
1 44 15
1 44 16
1 44 17
1 44 18
1 44 19
1 44 20
1 44 21
1 44 22
1 44 23
1 44 24
1 44 25
1 44 26
1 44 27
1 44 28
1 44 29
1 44 30
1 44 31
1 44 32
1 44 33
1 44 34
1 44 35
1 44 36
1 44 37
1 44 38
1 44 39
1 44 40
1 44 41
4 44 42
2 43 42
2 42 42
2 41 42
2 40 42
2 39 42
2 38 42
2 37 42
2 36 42
2 35 42
2 34 42
2 33 42
2 32 42
2 31 42
2 30 42
2 29 42
2 28 42
2 27 42
2 26 42
2 25 42
2 24 42
0 23 42
0 44 3
-1
-1
-1
-1
-1
-1
-1
-1
-1
-1
-1
-1
-1
-1
-1
-1
-1
-1
-1
-1
-1
-1
-1
-1
-1
-1
-1
-1
-1
-1
-1
-1
-1
-1
-1
-1
-1
-1
-1
-1
-1
-1
-1
-1
-1
-1
-1
-1
-1
-1
-1
-1
-1
-1
-1
-1
-1
-1
-1
-1
-1
-1
-1
-1
-1
-1
-1
-1
-1
-1
-1
-1
-1
-1
-1
-1
-1
-1
-1
-1
-1
-1
-1
-1
-1
-1
-1
-1
-1
-1
-1
-1
-1
-1
-1
-1
6 43 3
1 43 4
1 43 5
4 43 6
2 42 6
2 41 6
2 40 6
2 39 6
2 38 6
2 37 6
2 36 6
2 35 6
0 34 6
-1
-1
-1
-1
-1
-1
-1
-1
-1
-1
-1
-1
-1
-1
-1
-1
-1
-1
-1
-1
-1
-1
-1
-1
-1
-1
-1
-1
-1
-1
-1
-1
-1
-1
-1
-1
-1
-1
-1
-1
-1
-1
-1
-1
-1
-1
-1
-1
-1
-1
-1
-1
-1
-1
-1
-1
-1
-1
-1
-1
-1
-1
-1
-1
-1
-1
-1
-1
-1
-1
-1
-1
-1
-1
-1
-1
-1
-1
-1
-1
-1
-1
-1
-1
-1
-1
-1
-1
-1
-1
-1
-1
-1
-1
-1
-1
-1
-1
1 23 43
4 23 44
2 22 44
2 21 44
2 20 44
2 19 44
2 18 44
2 17 44
2 16 44
2 15 44
2 14 44
2 13 44
0 12 44
3 33 6
1 33 5
1 33 4
1 33 3
0 33 2
-1
-1
-1
-1
-1
-1
-1
-1
-1
-1
-1
-1
-1
-1
-1
-1
-1
-1
-1
-1
-1
-1
-1
-1
-1
-1
-1
-1
-1
-1
-1
-1
-1
-1
-1
-1
-1
-1
-1
-1
-1
-1
-1
-1
-1
-1
-1
-1
-1
-1
-1
-1
-1
-1
-1
-1
-1
-1
-1
-1
-1
-1
2 11 44
2 10 44
2 9 44
2 8 44
2 7 44
2 6 44
2 5 44
2 4 44
2 3 44
2 2 44
2 1 44
3 0 44
1 0 43
1 0 42
1 0 41
1 0 40
1 0 39
1 0 38
1 0 37
1 0 36
1 0 35
0 0 34
2 34 2
2 35 2
2 36 2
2 37 2
2 38 2
0 39 2
-1
-1
-1
-1
-1
-1
-1
-1
-1
-1
-1
-1
-1
-1
-1
-1
-1
-1
-1
-1
-1
-1
-1
-1
-1
-1
5 12 43
2 11 43
2 10 43
3 9 43
1 9 42
0 9 41
3 34 7
2 35 7
2 36 7
2 37 7
2 38 7
2 39 7
5 40 7
1 40 8
0 40 9
-1
-1
-1
-1
-1
-1
-1
-1
-1
6 32 2
1 32 3
1 32 4
1 32 5
1 32 6
1 32 7
4 32 8
2 31 8
2 30 8
2 29 8
2 28 8
2 27 8
0 26 8
-1
-1
-1
-1
-1
6 23 41
2 24 41
2 25 41
2 26 41
2 27 41
2 28 41
4 29 41
1 29 40
0 29 39
-1
-1
-1
-1
-1
-1
-1
-1
-1
-1
-1
-1
-1
-1
-1
-1
-1
-1
-1
-1
4 1 34
1 1 33
1 1 32
1 1 31
0 1 30
5 33 1
2 32 1
6 31 1
1 31 2
4 31 3
2 30 3
0 29 3
-1
-1
-1
-1
-1
-1
-1
-1
-1
-1
-1
-1
-1
-1
-1
-1
2 10 41
2 11 41
2 12 41
2 13 41
2 14 41
2 15 41
4 16 41
1 16 40
1 16 39
1 16 38
1 16 37
1 16 36
0 16 35
2 45 3
2 46 3
2 47 3
5 48 3
1 48 4
1 48 5
1 48 6
1 48 7
0 48 8
-1
-1
-1
-1
-1
5 49 8
1 49 9
1 49 10
1 49 11
1 49 12
1 49 13
1 49 14
1 49 15
1 49 16
1 49 17
1 49 18
0 49 19
6 22 42
4 22 43
2 21 43
2 20 43
2 19 43
2 18 43
2 17 43
2 16 43
2 15 43
0 14 43
-1
-1
-1
-1
-1
-1
2 25 8
2 24 8
2 23 8
2 22 8
2 21 8
2 20 8
2 19 8
2 18 8
2 17 8
2 16 8
2 15 8
2 14 8
2 13 8
2 12 8
2 11 8
2 10 8
2 9 8
2 8 8
2 7 8
2 6 8
2 5 8
0 4 8
3 12 45
2 13 45
2 14 45
2 15 45
2 16 45
2 17 45
2 18 45
2 19 45
2 20 45
2 21 45
2 22 45
2 23 45
2 24 45
2 25 45
2 26 45
2 27 45
2 28 45
2 29 45
2 30 45
2 31 45
2 32 45
2 33 45
2 34 45
2 35 45
2 36 45
5 37 45
0 37 46
2 41 9
5 42 9
1 42 10
1 42 11
1 42 12
1 42 13
1 42 14
1 42 15
1 42 16
1 42 17
1 42 18
1 42 19
1 42 20
1 42 21
1 42 22
1 42 23
1 42 24
1 42 25
1 42 26
1 42 27
0 42 28
4 43 28
1 43 27
1 43 26
1 43 25
0 43 24
6 4 7
2 5 7
2 6 7
2 7 7
2 8 7
2 9 7
2 10 7
2 11 7
2 12 7
2 13 7
4 14 7
1 14 6
0 14 5
2 13 5
2 12 5
2 11 5
2 10 5
2 9 5
3 8 5
1 8 4
1 8 3
0 8 2
2 48 19
3 47 19
1 47 18
0 47 17
3 4 9
5 5 9
1 5 10
0 5 11
6 46 17
1 46 18
1 46 19
1 46 20
1 46 21
1 46 22
1 46 23
1 46 24
4 46 25
0 45 25
2 41 28
2 40 28
2 39 28
3 38 28
0 38 27
2 28 3
3 27 3
1 27 2
0 27 1
2 3 8
3 2 8
1 2 7
1 2 6
1 2 5
1 2 4
0 2 3
1 40 10
1 40 11
1 40 12
4 40 13
0 39 13
-1
-1
-1
-1
-1
-1
-1
-1
-1
-1
-1
-1
-1
-1
-1
-1
-1
-1
-1
-1
-1
-1
-1
-1
-1
-1
-1
-1
-1
-1
-1
-1
-1
-1
-1
-1
-1
-1
-1
-1
-1
-1
-1
-1
-1
-1
-1
-1
-1
-1
-1
-1
-1
-1
-1
-1
-1
-1
-1
-1
-1
-1
-1
-1
-1
-1
-1
-1
-1
-1
-1
-1
-1
-1
-1
-1
-1
-1
-1
-1
-1
-1
-1
-1
-1
-1
-1
-1
-1
-1
-1
-1
-1
-1
-1
-1
-1
-1
-1
-1
-1
-1
-1
-1
-1
-1
-1
-1
