# 3579986
# 3579986
# 3544162
# 3544078
# yaki_cnt = 78780
# real_sz = 173
0 10 36
2 15 36
2 14 36
2 13 36
2 12 36
2 11 36
2 17 36
1 20 35
4 20 36
2 19 36
2 18 36
1 20 31
1 20 32
1 20 33
2 21 30
6 20 30
1 20 34
2 24 30
2 23 30
2 22 30
2 16 36
4 27 30
2 26 30
1 27 26
1 27 27
1 27 28
2 28 25
6 27 25
1 27 29
1 29 23
1 29 24
2 34 22
2 33 22
2 32 22
2 31 22
2 30 22
6 29 22
6 37 20
1 37 21
4 37 22
2 36 22
2 35 22
6 38 15
1 38 16
1 38 17
1 38 18
1 38 19
4 38 20
6 41 14
4 41 15
2 40 15
4 45 14
2 44 14
2 43 14
2 42 14
2 46 13
6 47 10
1 47 11
1 47 12
4 47 13
6 45 13
1 48 8
1 48 9
1 48 5
1 48 6
1 48 7
4 48 10
2 39 15
4 29 25
2 25 30
0 48 4
1 10 39
1 10 38
1 10 37
1 10 41
1 10 40
-1
-1
-1
-1
-1
-1
-1
-1
-1
-1
-1
0 10 42
1 10 35
1 10 32
1 10 33
1 10 34
5 9 28
3 9 29
5 10 29
1 10 30
1 10 31
1 8 27
1 8 25
1 8 26
1 8 23
1 8 24
3 8 28
2 6 22
2 7 22
3 4 21
5 5 21
3 5 22
5 8 22
-1
-1
-1
0 4 20
-1
-1
-1
-1
-1
-1
-1
-1
-1
-1
-1
-1
-1
0 25 30
-1
-1
-1
-1
-1
-1
-1
-1
-1
0 8 22
-1
-1
-1
-1
-1
-1
-1
0 16 36
2 3 20
3 1 19
5 2 19
3 2 20
-1
-1
-1
0 1 18
-1
-1
-1
-1
0 22 30
2 26 31
3 25 31
-1
-1
0 27 31
-1
-1
-1
-1
0 29 25
5 1 22
3 0 22
1 0 21
1 0 20
1 0 19
6 0 18
0 1 23
1 1 25
1 1 24
3 1 28
1 1 27
1 1 26
1 2 30
1 2 29
5 2 28
0 2 31
0 8 28
0 39 15
0 38 20
-1
0 48 10
-1
-1
0 2 28
-1
-1
0 35 22
-1
0 29 22
-1
-1
0 8 24
-1
0 20 34
-1
-1
0 10 31
1 4 17
1 4 18
1 4 19
0 4 16
2 6 16
2 5 16
0 7 16
0 20 30
0 48 7
-1
0 10 40
-1
0 5 22
1 27 33
1 27 32
0 27 34
0 10 34
0 8 26
1 27 35
0 27 36
-1
0 45 13
1 27 38
1 27 37
0 27 39
2 11 40
0 12 40
2 25 34
2 26 34
0 24 34
2 11 24
2 10 24
2 9 24
0 12 24
0 7 17
2 26 39
0 25 39
0 27 29
2 12 31
2 11 31
0 13 31
2 8 31
2 9 31
0 7 31
0 18 36
1 13 30
0 13 29
0 7 18
3 10 44
1 10 43
0 11 44
5 12 46
3 11 46
1 11 45
0 12 47
4 9 37
6 9 36
0 8 37
2 6 37
2 7 37
0 5 37
0 12 25
2 8 17
0 9 17
2 38 14
5 39 14
6 37 14
0 37 15
2 32 25
2 31 25
2 30 25
0 33 25
2 30 40
2 29 40
3 28 40
5 28 39
0 31 40
6 22 27
1 22 28
1 22 29
0 23 27
0 1 26
1 4 12
1 4 13
1 4 14
1 4 15
0 4 11
1 5 40
1 5 39
1 5 38
0 5 41
0 10 17
1 5 44
1 5 43
1 5 42
0 5 45
1 2 32
0 2 33
2 34 40
2 33 40
2 32 40
0 35 40
0 12 39
2 41 3
5 42 3
3 42 4
2 43 4
2 44 4
2 45 4
2 46 4
2 47 4
0 40 3
2 39 20
0 40 20
6 10 15
1 10 16
0 11 15
2 15 25
2 14 25
2 13 25
0 16 25
0 16 26
1 31 42
1 31 41
0 31 43
2 43 20
2 42 20
2 41 20
0 44 20
1 31 38
1 31 39
0 31 37
0 37 14
0 47 13
2 35 3
2 36 3
2 37 3
2 38 3
2 39 3
0 34 3
1 16 22
1 16 23
1 16 24
0 16 21
6 1 34
4 2 34
0 1 35
1 16 20
0 16 19
0 42 14
2 46 19
6 45 19
4 45 20
0 47 19
2 6 11
2 5 11
0 7 11
2 17 26
0 18 26
1 7 7
1 7 8
1 7 9
1 7 10
0 7 6
2 3 45
2 4 45
0 2 45
1 16 18
0 16 17
1 2 46
0 2 47
1 33 27
1 33 26
0 33 28
5 34 30
3 33 30
1 33 29
0 34 31
0 2 48
2 14 19
2 15 19
0 13 19
2 30 3
2 31 3
2 32 3
2 33 3
0 29 3
0 40 21
1 40 23
1 40 22
0 40 24
1 16 34
1 16 35
0 16 33
2 36 31
2 35 31
0 37 31
2 39 40
2 38 40
2 37 40
2 36 40
0 40 40
5 41 44
3 40 44
1 40 43
1 40 42
1 40 41
0 41 45
0 42 45
0 6 45
2 17 21
0 18 21
0 23 34
2 14 47
2 13 47
0 15 47
1 40 25
0 40 26
0 16 47
0 40 27
2 28 3
0 27 3
5 26 2
3 26 3
0 25 2
0 17 47
2 46 45
2 45 45
2 44 45
2 43 45
0 47 45
2 20 2
2 21 2
2 22 2
2 23 2
2 24 2
0 19 2
2 3 33
0 4 33
0 12 23
4 4 26
2 3 26
2 2 26
0 4 25
1 19 3
0 19 4
1 23 35
0 23 36
0 13 32
2 20 21
2 19 21
0 21 21
1 19 5
0 19 6
2 26 22
2 27 22
2 28 22
0 25 22
1 25 21
0 25 20
1 40 5
1 40 4
0 40 6
1 47 41
1 47 42
1 47 43
1 47 44
0 47 40
1 29 1
1 29 2
0 29 0
1 16 44
1 16 45
1 16 46
0 16 43
1 44 19
0 44 18
4 25 43
1 25 42
1 25 41
1 25 40
0 24 43
2 29 31
2 28 31
0 30 31
1 24 46
1 24 45
1 24 44
0 24 47
2 41 31
2 40 31
2 39 31
2 38 31
0 42 31
2 9 11
2 8 11
0 10 11
2 45 44
2 44 44
2 43 44
6 42 44
0 46 44
1 42 32
0 42 33
4 13 15
2 12 15
0 13 14
1 7 3
1 7 4
1 7 5
0 7 2
2 34 13
2 35 13
2 36 13
5 37 13
0 33 13
0 32 13
3 38 2
2 39 2
5 40 2
0 38 1
6 9 47
2 10 47
2 11 47
0 9 48
5 25 15
1 25 16
1 25 17
1 25 18
1 25 19
0 24 15
4 40 47
1 40 46
6 40 45
0 39 47
4 27 46
6 26 46
4 26 47
2 25 47
0 27 45
5 22 13
3 22 14
2 23 14
5 24 14
0 21 13
1 29 7
1 29 6
1 29 5
1 29 4
0 29 8
2 1 11
2 2 11
2 3 11
0 0 11
2 45 31
2 44 31
2 43 31
0 46 31
1 21 12
0 21 11
2 27 8
2 28 8
0 26 8
1 29 21
0 29 20
6 18 41
1 18 42
4 18 43
2 17 43
0 19 41
2 33 37
2 32 37
0 34 37
0 27 25
2 17 7
4 18 7
6 18 6
0 16 7
1 10 18
0 10 19
2 42 26
2 41 26
0 43 26
0 5 42
0 2 20
2 41 35
4 42 35
1 42 34
0 40 35
2 19 30
0 18 30
2 14 7
2 15 7
0 13 7
2 7 28
0 6 28
6 38 8
2 39 8
4 40 8
1 40 7
0 38 9
1 21 19
1 21 20
0 21 18
1 48 3
0 48 2
2 4 6
2 5 6
2 6 6
0 3 6
1 16 9
1 16 8
0 16 10
1 13 6
0 13 5
1 1 39
1 1 38
1 1 37
1 1 36
0 1 40
1 1 17
0 1 16
2 23 39
2 24 39
0 22 39
5 30 46
2 29 46
3 28 46
5 28 45
0 30 47
1 42 12
1 42 13
0 42 11
1 47 22
1 47 21
1 47 20
0 47 23
4 37 18
1 37 17
1 37 16
0 36 18
-1
-1
-1
-1
-1
-1
-1
-1
-1
-1
-1
-1
-1
-1
-1
-1
-1
-1
-1
-1
-1
-1
-1
-1
-1
-1
-1
-1
-1
-1
-1
-1
-1
-1
-1
-1
-1
-1
-1
-1
-1
-1
-1
-1
-1
-1
-1
-1
-1
-1
-1
-1
-1
-1
-1
-1
-1
-1
-1
-1
-1
-1
-1
-1
-1
-1
-1
-1
-1
-1
-1
-1
-1
-1
-1
-1
-1
-1
-1
-1
-1
-1
-1
-1
-1
-1
-1
-1
-1
-1
-1
-1
-1
-1
-1
-1
-1
-1
-1
-1
-1
-1
-1
-1
-1
-1
-1
-1
-1
-1
-1
-1
-1
-1
-1
-1
-1
-1
-1
-1
-1
-1
-1
-1
-1
-1
-1
-1
-1
-1
-1
-1
-1
-1
-1
-1
-1
-1
-1
-1
-1
-1
-1
-1
-1
-1
-1
-1
-1
-1
-1
-1
-1
-1
