# money = 547370
# income = 2425
1 24 7
1 24 8
1 24 9
1 24 10
1 24 11
1 24 12
1 24 13
1 24 14
1 24 15
1 24 16
1 24 17
1 24 18
1 24 19
1 24 20
1 24 21
1 24 22
1 24 23
1 24 24
1 24 25
1 24 26
1 24 27
1 24 28
1 24 29
1 24 30
1 24 31
1 24 32
1 24 33
1 24 34
1 24 35
1 24 36
1 24 37
1 24 38
1 24 39
1 24 40
1 24 41
4 24 42
2 23 42
2 22 42
2 21 42
2 20 42
2 19 42
2 18 42
2 17 42
2 16 42
2 15 42
2 14 42
2 13 42
2 12 42
2 11 42
2 10 42
0 9 42
0 24 6
-1
-1
-1
-1
-1
-1
-1
-1
-1
-1
-1
-1
-1
-1
-1
-1
-1
-1
-1
-1
-1
-1
-1
-1
-1
-1
-1
-1
-1
-1
-1
-1
-1
-1
-1
-1
-1
-1
-1
-1
-1
-1
-1
-1
3 9 43
2 10 43
2 11 43
2 12 43
2 13 43
2 14 43
5 15 43
1 15 44
0 15 45
-1
-1
-1
-1
-1
-1
-1
-1
-1
-1
-1
-1
-1
-1
-1
-1
-1
-1
-1
-1
-1
-1
-1
-1
-1
-1
-1
-1
-1
-1
-1
-1
-1
-1
-1
-1
-1
-1
-1
-1
-1
-1
-1
-1
-1
-1
-1
-1
-1
-1
-1
-1
-1
-1
-1
-1
-1
-1
-1
-1
-1
-1
-1
-1
-1
-1
-1
-1
-1
-1
-1
-1
-1
-1
-1
-1
-1
-1
-1
2 23 6
2 22 6
2 21 6
2 20 6
2 19 6
3 18 6
0 18 5
2 16 45
2 17 45
2 18 45
2 19 45
2 20 45
2 21 45
2 22 45
2 23 45
2 24 45
2 25 45
2 26 45
2 27 45
2 28 45
2 29 45
2 30 45
2 31 45
2 32 45
2 33 45
2 34 45
2 35 45
2 36 45
2 37 45
0 38 45
6 17 5
1 17 6
4 17 7
2 16 7
0 15 7
-1
-1
-1
-1
-1
-1
-1
-1
-1
-1
-1
-1
-1
-1
-1
-1
-1
-1
-1
-1
-1
-1
-1
-1
-1
-1
-1
-1
-1
-1
-1
-1
-1
-1
-1
-1
2 25 6
2 26 6
2 27 6
2 28 6
2 29 6
2 30 6
5 31 6
0 31 7
1 38 44
1 38 43
1 38 42
1 38 41
1 38 40
1 38 39
1 38 38
1 38 37
1 38 36
1 38 35
1 38 34
1 38 33
1 38 32
1 38 31
1 38 30
1 38 29
1 38 28
1 38 27
1 38 26
1 38 25
0 38 24
2 39 24
2 40 24
2 41 24
2 42 24
2 43 24
4 44 24
1 44 23
1 44 22
1 44 21
1 44 20
1 44 19
1 44 18
1 44 17
1 44 16
0 44 15
2 8 42
2 7 42
2 6 42
3 5 42
1 5 41
1 5 40
1 5 39
1 5 38
1 5 37
1 5 36
1 5 35
1 5 34
1 5 33
1 5 32
1 5 31
1 5 30
1 5 29
1 5 28
0 5 27
6 4 27
1 4 28
1 4 29
1 4 30
4 4 31
0 3 31
5 45 15
1 45 16
1 45 17
1 45 18
1 45 19
1 45 20
1 45 21
1 45 22
1 45 23
1 45 24
4 45 25
2 44 25
0 43 25
-1
1 31 8
1 31 9
1 31 10
1 31 11
4 31 12
2 30 12
2 29 12
2 28 12
2 27 12
0 26 12
2 39 45
2 40 45
2 41 45
2 42 45
2 43 45
2 44 45
4 45 45
1 45 44
1 45 43
1 45 42
1 45 41
0 45 40
4 38 46
2 37 46
2 36 46
2 35 46
0 34 46
6 44 14
2 45 14
2 46 14
4 47 14
1 47 13
1 47 12
1 47 11
1 47 10
1 47 9
1 47 8
1 47 7
1 47 6
0 47 5
2 44 40
2 43 40
2 42 40
0 41 40
2 6 27
2 7 27
2 8 27
4 9 27
1 9 26
0 9 25
3 40 40
1 40 39
0 40 38
6 26 11
2 27 11
0 28 11
-1
-1
-1
-1
1 9 41
1 9 40
1 9 39
1 9 38
1 9 37
0 9 36
2 14 7
2 13 7
2 12 7
2 11 7
3 10 7
1 10 6
0 10 5
1 38 23
1 38 22
0 38 21
-1
5 5 26
2 4 26
2 3 26
2 2 26
2 1 26
3 0 26
1 0 25
0 0 24
6 37 24
1 37 25
4 37 26
2 36 26
2 35 26
2 34 26
2 33 26
2 32 26
2 31 26
2 30 26
2 29 26
2 28 26
0 27 26
2 46 5
2 45 5
2 44 5
2 43 5
3 42 5
1 42 4
1 42 3
1 42 2
0 42 1
2 10 25
4 11 25
1 11 24
1 11 23
0 11 22
6 24 5
2 25 5
4 26 5
1 26 4
1 26 3
1 26 2
0 26 1
2 10 36
2 11 36
2 12 36
2 13 36
2 14 36
2 15 36
2 16 36
2 17 36
2 18 36
2 19 36
2 20 36
2 21 36
2 22 36
5 23 36
1 23 37
1 23 38
1 23 39
1 23 40
0 23 41
3 27 27
2 28 27
2 29 27
2 30 27
2 31 27
2 32 27
5 33 27
1 33 28
0 33 29
2 11 5
2 12 5
0 13 5
2 34 29
2 35 29
2 36 29
4 37 29
0 37 28
2 12 22
2 13 22
4 14 22
0 14 21
1 33 30
1 33 31
1 33 32
1 33 33
1 33 34
1 33 35
4 33 36
2 32 36
2 31 36
2 30 36
2 29 36
0 28 36
1 45 39
1 45 38
1 45 37
1 45 36
1 45 35
1 45 34
1 45 33
0 45 32
5 15 21
1 15 22
1 15 23
1 15 24
4 15 25
0 14 25
3 41 41
2 42 41
0 43 41
1 14 26
1 14 27
1 14 28
1 14 29
4 14 30
0 13 30
2 32 7
2 33 7
2 34 7
2 35 7
2 36 7
0 37 7
3 28 37
2 29 37
2 30 37
2 31 37
2 32 37
5 33 37
0 33 38
2 27 1
2 28 1
2 29 1
2 30 1
2 31 1
5 32 1
1 32 2
0 32 3
1 33 39
1 33 40
1 33 41
1 33 42
4 33 43
2 32 43
0 31 43
2 1 24
2 2 24
2 3 24
4 4 24
1 4 23
0 4 22
3 15 8
2 16 8
2 17 8
2 18 8
2 19 8
2 20 8
0 21 8
1 34 47
1 34 48
4 34 49
2 33 49
2 32 49
2 31 49
0 30 49
2 44 32
2 43 32
2 42 32
3 41 32
1 41 31
0 41 30
3 3 22
1 3 21
1 3 20
1 3 19
1 3 18
1 3 17
1 3 16
1 3 15
1 3 14
1 3 13
1 3 12
0 3 11
2 39 21
2 40 21
4 41 21
0 41 20
1 3 32
1 3 33
1 3 34
1 3 35
1 3 36
1 3 37
4 3 38
2 2 38
2 1 38
0 0 38
1 38 20
1 38 19
0 38 18
3 13 31
2 14 31
4 15 31
1 15 30
1 15 29
1 15 28
0 15 27
5 46 40
1 46 41
1 46 42
1 46 43
1 46 44
1 46 45
1 46 46
1 46 47
4 46 48
2 45 48
2 44 48
2 43 48
2 42 48
2 41 48
2 40 48
2 39 48
2 38 48
0 37 48
5 22 8
1 22 9
0 22 10
6 27 36
1 27 37
1 27 38
1 27 39
4 27 40
2 26 40
0 25 40
3 0 39
2 1 39
5 2 39
1 2 40
1 2 41
1 2 42
0 2 43
2 37 18
2 36 18
2 35 18
0 34 18
1 22 11
1 22 12
1 22 13
1 22 14
4 22 15
2 21 15
2 20 15
2 19 15
0 18 15
2 38 7
2 39 7
2 40 7
2 41 7
2 42 7
4 43 7
0 43 6
2 29 49
2 28 49
2 27 49
2 26 49
2 25 49
3 24 49
1 24 48
1 24 47
0 24 46
5 13 4
3 12 4
0 12 3
-1
-1
-1
-1
-1
-1
-1
-1
-1
-1
-1
-1
-1
-1
-1
-1
-1
-1
-1
-1
-1
-1
-1
-1
-1
-1
-1
-1
-1
-1
-1
-1
-1
-1
-1
-1
-1
-1
-1
-1
-1
-1
-1
-1
-1
-1
-1
-1
-1
-1
-1
-1
-1
-1
-1
-1
-1
-1
-1
-1
-1
-1
-1
-1
-1
-1
-1
-1
-1
-1
-1
-1
-1
-1
-1
-1
-1
-1
-1
-1
-1
-1
-1
-1
-1
-1
-1
-1
-1
-1
-1
-1
-1
-1
-1
-1
-1
-1
-1
-1
-1
-1
-1
-1
-1
-1
-1
-1
-1
-1
-1
