# 3089035
# yaki_cnt = 94380
# real_sz = 149
0 6 17
2 9 17
2 8 17
2 7 17
2 13 17
2 12 17
2 11 17
2 10 17
3 15 19
5 15 18
3 14 18
5 14 17
2 17 19
1 18 21
1 18 20
5 18 19
2 16 19
5 21 25
3 20 25
1 20 24
5 20 23
2 19 23
3 18 23
1 18 22
0 21 26
1 6 16
4 7 15
6 6 15
1 8 13
4 8 14
6 7 14
0 8 12
4 23 26
2 22 26
2 27 25
2 26 25
2 25 25
2 24 25
2 31 25
2 30 25
2 29 25
2 28 25
6 23 25
2 34 25
2 33 25
2 37 23
6 36 23
1 36 24
4 36 25
2 38 23
2 35 25
2 32 25
2 43 23
2 42 23
2 41 23
2 40 23
2 39 23
-1
-1
-1
-1
-1
-1
-1
-1
-1
-1
-1
0 44 23
1 6 20
1 6 19
1 6 18
1 6 24
1 6 23
1 6 22
1 6 21
1 6 27
1 6 26
1 6 29
1 6 28
1 6 25
-1
-1
-1
-1
-1
-1
-1
0 6 30
4 45 20
6 44 20
1 44 21
1 44 22
1 45 13
1 45 14
1 45 15
1 45 16
1 45 17
1 45 18
1 45 19
-1
-1
-1
0 45 12
1 39 14
1 39 13
6 39 12
2 40 12
2 41 12
2 42 12
2 43 12
2 44 12
1 39 18
1 39 17
1 39 16
1 39 15
1 35 20
6 35 19
2 36 19
2 37 19
2 38 19
4 39 19
0 35 21
6 5 34
4 6 34
1 6 33
1 6 32
1 6 31
1 5 35
0 5 36
2 20 28
4 21 28
1 21 27
2 18 28
6 17 28
2 19 28
0 17 29
2 9 12
2 12 12
2 11 12
2 10 12
1 13 9
1 13 10
1 13 11
4 13 12
0 13 8
0 45 19
-1
-1
-1
0 7 14
-1
-1
-1
0 39 23
6 48 22
4 48 23
2 47 23
2 46 23
2 45 23
0 49 22
1 44 26
1 44 25
1 44 24
2 43 29
4 44 29
1 44 28
1 44 27
0 42 29
0 32 25
0 19 28
-1
-1
0 13 12
-1
-1
0 39 19
-1
-1
0 18 22
-1
0 23 25
-1
-1
0 35 25
-1
0 16 19
-1
-1
0 18 19
2 19 19
0 20 19
6 3 30
2 4 30
2 5 30
0 3 31
0 44 27
-1
0 6 25
-1
0 14 17
-1
0 6 21
-1
0 28 25
2 6 12
2 7 12
0 5 12
1 5 11
0 5 10
2 3 10
2 4 10
0 2 10
6 4 37
4 5 37
0 4 38
0 17 28
1 32 24
0 32 23
1 4 41
1 4 40
1 4 39
0 4 42
0 39 15
0 4 43
1 28 26
0 28 27
3 28 29
1 28 28
0 29 29
1 17 27
0 17 26
2 15 26
2 16 26
0 14 26
2 13 26
0 12 26
3 39 29
2 40 29
2 41 29
0 39 28
0 38 15
2 11 8
2 12 8
0 10 8
2 38 28
0 37 28
0 10 17
5 42 16
3 41 16
5 41 15
2 40 15
0 42 17
0 6 15
0 12 27
2 4 15
2 5 15
0 3 15
2 46 27
2 45 27
0 47 27
1 47 29
1 47 28
0 47 30
6 46 30
0 46 31
1 28 23
1 28 24
0 28 22
1 29 21
4 29 22
0 29 20
0 38 23
2 14 8
0 15 8
1 10 19
1 10 18
0 10 20
2 18 8
2 17 8
2 16 8
0 19 8
1 19 4
1 19 5
1 19 6
1 19 7
0 19 3
0 36 28
1 10 22
1 10 21
0 10 23
2 20 3
0 21 3
2 4 21
2 5 21
0 3 21
0 6 28
1 47 26
0 47 25
2 1 21
2 2 21
0 0 21
2 35 28
0 34 28
2 5 25
0 4 25
1 19 32
1 19 31
1 19 30
1 19 29
0 19 33
1 12 28
0 12 29
6 34 18
1 34 19
1 34 20
3 34 21
0 35 18
2 21 33
2 20 33
0 22 33
2 8 36
2 7 36
2 6 36
0 9 36
6 38 11
1 38 12
1 38 13
1 38 14
0 39 11
1 9 37
0 9 38
2 46 12
0 47 12
1 34 30
1 34 29
0 34 31
1 39 9
1 39 10
0 39 8
1 47 10
1 47 11
0 47 9
2 40 24
3 39 24
0 41 24
1 22 36
1 22 35
1 22 34
0 22 37
0 5 9
1 22 32
0 22 31
1 22 39
1 22 38
0 22 40
2 24 42
2 23 42
3 22 42
1 22 41
0 25 42
5 5 7
1 5 8
0 4 7
1 4 5
1 4 6
0 4 4
2 20 40
2 21 40
0 19 40
0 10 12
1 19 10
1 19 9
0 19 11
0 14 18
2 22 19
2 21 19
0 23 19
6 33 17
2 34 17
5 35 17
0 33 18
1 25 44
1 25 43
0 25 45
2 1 31
2 2 31
0 0 31
2 2 38
2 3 38
0 1 38
0 5 35
1 29 19
0 29 18
1 19 42
1 19 41
0 19 43
1 19 45
1 19 44
0 19 46
1 42 33
1 42 32
1 42 31
1 42 30
0 42 34
6 40 35
2 41 35
4 42 35
0 40 36
5 26 45
0 26 46
5 17 39
3 17 40
2 18 40
0 16 39
6 1 45
2 2 45
2 3 45
4 4 45
1 4 44
0 1 46
5 36 32
2 35 32
3 34 32
0 36 33
4 16 41
1 16 40
0 15 41
2 36 8
2 37 8
2 38 8
0 35 8
2 5 43
0 6 43
3 15 14
1 15 13
5 15 12
2 14 12
0 16 14
2 41 11
2 40 11
0 42 11
2 10 36
0 11 36
2 12 23
2 11 23
0 13 23
1 42 18
0 42 19
1 13 3
1 13 4
1 13 5
1 13 6
1 13 7
0 13 2
6 1 11
4 2 11
0 1 12
4 1 30
6 0 30
0 1 29
3 46 35
1 46 34
1 46 33
1 46 32
0 47 35
5 9 33
1 9 34
1 9 35
0 8 33
1 47 39
1 47 38
1 47 37
1 47 36
0 47 40
6 29 14
1 29 15
1 29 16
1 29 17
0 30 14
1 30 12
1 30 13
0 30 11
3 26 10
5 27 10
3 27 11
2 28 11
2 29 11
0 26 9
2 38 38
2 39 38
4 40 38
1 40 37
0 37 38
1 24 20
5 24 19
0 24 21
4 27 46
0 27 45
4 25 18
2 24 18
6 23 18
0 25 17
1 3 20
0 3 19
3 12 31
1 12 30
0 13 31
2 46 19
0 47 19
2 33 38
2 34 38
2 35 38
2 36 38
0 32 38
1 8 46
1 8 45
1 8 44
5 8 43
2 7 43
0 8 47
0 0 22
2 16 46
2 17 46
2 18 46
0 15 46
5 46 5
1 46 6
1 46 7
1 46 8
3 46 9
0 45 5
1 37 41
1 37 40
1 37 39
0 37 42
4 35 43
6 35 42
2 36 42
0 34 43
4 23 31
0 23 30
1 34 46
1 34 45
1 34 44
0 34 47
1 29 33
1 29 32
1 29 31
1 29 30
0 29 34
4 19 17
6 18 17
1 18 18
0 19 16
6 43 40
2 44 40
2 45 40
2 46 40
0 43 41
1 35 3
1 35 4
1 35 5
1 35 6
1 35 7
0 35 2
2 36 47
2 35 47
0 37 47
-1
-1
-1
-1
-1
-1
-1
-1
-1
-1
-1
-1
-1
-1
-1
-1
-1
-1
-1
-1
-1
-1
-1
-1
-1
-1
-1
-1
-1
-1
-1
-1
-1
-1
-1
-1
-1
-1
-1
-1
-1
-1
-1
-1
-1
-1
-1
-1
-1
-1
-1
-1
-1
-1
-1
-1
-1
-1
-1
-1
-1
-1
-1
-1
-1
-1
-1
-1
-1
-1
-1
-1
-1
-1
-1
-1
-1
-1
-1
-1
-1
-1
-1
-1
-1
-1
-1
-1
-1
-1
-1
-1
-1
-1
-1
-1
-1
-1
-1
-1
-1
-1
-1
-1
-1
-1
-1
-1
-1
-1
-1
-1
-1
-1
-1
-1
-1
-1
-1
-1
-1
-1
-1
-1
-1
-1
-1
-1
-1
-1
-1
-1
-1
-1
-1
-1
-1
-1
-1
-1
-1
-1
-1
-1
-1
-1
-1
-1
-1
-1
-1
-1
-1
-1
-1
-1
-1
-1
-1
-1
-1
-1
-1
-1
-1
-1
-1
-1
-1
-1
-1
-1
-1
-1
-1
-1
-1
-1
-1
-1
-1
-1
-1
-1
-1
-1
-1
-1
-1
-1
-1
-1
-1
-1
-1
-1
-1
-1
-1
-1
-1
-1
-1
-1
-1
-1
-1
-1
-1
-1
-1
-1
-1
-1
-1
-1
-1
-1
-1
-1
-1
-1
-1
-1
-1
-1
-1
-1
-1
-1
-1
