0 23 1
2 27 2
2 26 2
2 25 2
2 24 2
3 23 2
2 38 4
2 37 4
2 36 4
2 35 4
2 34 4
2 33 4
2 32 4
2 31 4
2 30 4
2 29 4
3 28 4
1 28 3
5 28 2
2 40 7
3 39 7
1 39 6
1 39 5
2 44 24
2 43 24
2 42 24
3 41 24
1 41 23
1 41 22
1 41 21
1 41 20
1 41 19
1 41 18
1 41 17
1 41 16
1 41 15
1 41 14
1 41 13
1 41 12
1 41 11
1 41 10
1 41 9
1 41 8
5 41 7
2 46 24
1 47 25
5 47 24
2 45 24
5 39 4
0 47 26
1 47 27
2 43 28
2 44 28
2 45 28
2 46 28
4 42 31
1 42 30
1 42 29
6 42 28
4 47 28
-1
-1
-1
-1
-1
-1
-1
-1
-1
-1
-1
-1
-1
-1
-1
-1
-1
-1
-1
-1
-1
-1
-1
-1
-1
-1
-1
-1
-1
-1
-1
-1
-1
-1
-1
-1
-1
-1
-1
-1
0 41 31
2 28 32
2 29 32
2 30 32
2 31 32
2 32 32
2 33 32
2 34 32
2 35 32
2 36 32
2 37 32
2 38 32
2 39 32
2 40 32
4 41 32
2 25 32
2 26 32
2 27 32
-1
-1
-1
-1
-1
-1
-1
-1
-1
-1
-1
-1
-1
-1
-1
-1
-1
-1
-1
-1
-1
-1
-1
-1
-1
-1
0 24 32
2 32 0
2 31 0
2 30 0
2 29 0
2 28 0
2 27 0
2 26 0
2 25 0
2 24 0
6 23 0
-1
-1
-1
-1
-1
-1
-1
-1
-1
-1
-1
-1
-1
-1
-1
-1
-1
-1
-1
0 33 0
-1
-1
-1
-1
-1
-1
-1
-1
-1
-1
-1
-1
-1
-1
-1
-1
-1
-1
-1
0 39 4
1 24 34
1 24 33
1 24 39
1 24 38
1 24 37
1 24 36
1 24 35
2 27 40
2 26 40
2 25 40
2 28 40
3 24 40
-1
-1
-1
-1
-1
-1
-1
-1
-1
0 29 40
5 24 27
1 24 28
1 24 29
1 24 30
1 24 31
-1
-1
-1
-1
-1
-1
-1
-1
-1
0 23 27
-1
-1
-1
-1
-1
-1
-1
-1
-1
-1
-1
0 28 2
2 10 31
2 11 31
2 12 31
2 13 31
2 14 31
2 15 31
2 16 31
2 17 31
2 18 31
2 19 31
2 20 31
2 21 31
2 22 31
5 23 31
3 23 32
0 9 31
1 9 35
1 9 34
1 9 33
1 9 32
-1
-1
-1
-1
-1
0 9 36
1 25 24
1 25 25
4 25 26
2 24 26
6 23 26
-1
-1
-1
-1
0 25 23
1 29 22
4 29 23
2 28 23
2 27 23
2 26 23
-1
-1
-1
0 29 21
2 31 27
3 30 27
1 30 26
1 30 25
1 30 24
1 30 23
1 30 22
5 30 21
0 32 27
2 4 32
2 5 32
2 6 32
2 7 32
4 8 32
6 8 31
-1
0 3 32
-1
-1
-1
-1
-1
0 45 24
1 47 20
1 47 21
1 47 22
4 47 23
2 46 23
6 45 23
0 47 19
1 9 38
1 9 37
2 13 42
2 12 42
2 11 42
2 10 42
3 9 42
1 9 41
1 9 40
1 9 39
0 14 42
2 45 34
2 46 34
2 47 34
4 48 34
1 48 33
1 48 32
1 48 31
1 48 30
1 48 29
1 48 28
1 48 27
5 48 26
0 44 34
1 44 36
1 44 35
0 44 37
1 30 35
1 30 36
1 30 37
1 30 38
1 30 39
4 30 40
0 30 34
2 45 4
2 44 4
2 43 4
2 42 4
2 41 4
2 40 4
0 46 4
1 29 17
1 29 18
1 29 19
1 29 20
1 33 11
1 33 12
1 33 13
1 33 14
1 33 15
4 33 16
2 32 16
2 31 16
2 30 16
6 29 16
0 33 10
2 8 30
5 9 30
0 7 30
4 36 34
2 35 34
2 34 34
2 33 34
2 32 34
2 31 34
0 36 33
2 21 1
2 22 1
0 20 1
1 12 35
4 12 36
2 11 36
2 10 36
0 12 34
5 47 17
1 47 18
0 46 17
5 34 10
0 34 11
2 21 25
5 22 25
1 22 26
3 22 27
0 20 25
0 9 39
2 6 40
2 7 40
4 8 40
6 8 39
0 5 40
0 47 28
0 29 16
-1
-1
0 24 40
2 21 40
2 22 40
2 23 40
0 20 40
-1
-1
0 27 32
1 3 33
-1
0 3 34
-1
-1
-1
0 41 7
-1
-1
0 42 28
-1
-1
0 28 40
-1
-1
0 2 32
2 41 37
2 42 37
2 43 37
0 40 37
1 31 36
1 31 37
1 31 38
1 31 39
1 31 40
4 31 41
2 30 41
3 29 41
0 31 35
2 18 22
2 19 22
5 20 22
1 20 23
1 20 24
0 17 22
3 32 29
1 32 28
0 33 29
1 17 17
1 17 18
1 17 19
1 17 20
1 17 21
0 17 16
0 47 24
2 12 15
2 13 15
2 14 15
2 15 15
2 16 15
5 17 15
0 11 15
0 24 35
2 26 16
2 27 16
2 28 16
0 25 16
0 23 35
2 16 23
4 17 23
0 15 23
-1
-1
-1
-1
-1
-1
-1
-1
-1
-1
-1
-1
-1
-1
-1
-1
-1
-1
-1
-1
-1
-1
-1
-1
-1
-1
-1
-1
-1
-1
-1
-1
-1
-1
-1
-1
-1
-1
-1
-1
-1
-1
-1
-1
-1
-1
-1
-1
-1
-1
-1
-1
-1
-1
-1
-1
-1
-1
-1
-1
-1
-1
-1
-1
-1
-1
-1
-1
-1
-1
-1
-1
-1
-1
-1
-1
-1
-1
-1
-1
-1
-1
-1
-1
-1
-1
-1
-1
-1
-1
-1
-1
-1
-1
-1
-1
-1
-1
-1
-1
-1
-1
-1
-1
-1
-1
-1
-1
-1
-1
-1
-1
-1
-1
-1
-1
-1
-1
-1
-1
-1
-1
-1
-1
-1
-1
-1
-1
-1
-1
-1
-1
-1
-1
-1
-1
-1
-1
-1
-1
-1
-1
-1
-1
-1
-1
-1
-1
-1
-1
-1
-1
-1
-1
-1
-1
-1
-1
-1
-1
-1
-1
-1
-1
-1
-1
-1
-1
-1
-1
-1
-1
-1
-1
-1
-1
-1
-1
-1
-1
-1
-1
-1
-1
-1
-1
-1
-1
-1
-1
-1
-1
-1
-1
-1
-1
-1
-1
-1
-1
-1
-1
-1
-1
-1
-1
-1
-1
-1
-1
-1
-1
-1
-1
-1
-1
-1
-1
-1
-1
-1
-1
-1
-1
-1
-1
-1
-1
-1
-1
-1
-1
-1
-1
-1
-1
-1
-1
-1
-1
-1
-1
-1
-1
-1
-1
-1
-1
-1
-1
-1
-1
-1
-1
-1
-1
-1
-1
-1
-1
-1
-1
-1
-1
-1
-1
-1
-1
-1
-1
-1
-1
-1
-1
-1
-1
-1
-1
-1
-1
-1
-1
-1
-1
-1
-1
-1
-1
-1
-1
-1
-1
-1
-1
-1
-1
-1
-1
-1
-1
-1
-1
-1
-1
-1
-1
-1
-1
-1
-1
-1
-1
-1
-1
-1
-1
-1
-1
