# start_size = 92
# yaki_cnt = 272260
# end_size = 110
# real_sz = 108
0 8 22
1 8 23
2 12 24
2 11 24
2 10 24
2 9 24
3 8 24
1 13 28
1 13 27
1 13 26
1 13 25
3 18 35
5 18 34
3 17 34
5 17 33
3 16 33
1 16 32
1 16 31
5 16 30
2 15 30
2 14 30
3 13 30
1 19 39
1 19 38
1 19 37
1 19 36
5 19 35
1 19 42
1 19 41
5 23 43
2 22 43
2 21 43
2 20 43
3 19 43
1 19 40
1 13 29
5 13 24
0 23 44
1 8 14
1 8 15
1 8 16
1 8 17
1 8 18
1 8 19
1 8 20
1 8 21
2 6 12
5 7 12
3 7 13
5 8 13
1 5 9
1 5 10
1 5 11
3 4 5
5 5 5
1 5 6
1 5 7
1 5 8
3 5 12
-1
-1
0 4 4
1 9 18
1 9 19
1 9 20
1 9 21
4 9 22
4 11 17
2 10 17
1 11 16
6 9 17
-1
-1
-1
-1
-1
-1
-1
-1
-1
-1
-1
-1
-1
-1
-1
-1
-1
-1
-1
-1
-1
0 11 15
2 13 15
2 12 15
2 15 15
2 18 15
2 17 15
2 16 15
2 14 15
2 25 15
2 24 15
2 23 15
2 22 15
2 21 15
2 20 15
2 29 15
2 28 15
2 27 15
2 26 15
2 19 15
-1
-1
-1
-1
-1
0 30 15
1 31 12
4 31 13
6 30 13
1 30 14
1 31 10
1 31 11
2 37 7
6 36 7
1 36 8
4 36 9
2 35 9
2 34 9
2 33 9
2 32 9
2 39 7
1 41 2
4 41 3
6 40 3
1 40 4
1 40 5
1 40 6
4 40 7
2 38 7
6 31 9
0 41 1
2 12 14
6 11 14
-1
-1
-1
-1
-1
-1
0 13 14
-1
-1
-1
-1
-1
-1
-1
-1
-1
0 31 9
2 24 44
2 26 44
2 39 44
2 38 44
2 37 44
2 36 44
2 35 44
2 34 44
2 33 44
2 32 44
2 31 44
2 30 44
2 29 44
2 28 44
2 27 44
2 25 44
0 40 44
2 7 44
2 8 44
2 9 44
2 10 44
2 11 44
2 12 44
2 13 44
2 14 44
2 15 44
2 16 44
2 17 44
2 18 44
2 19 44
2 20 44
2 21 44
2 22 44
3 6 44
0 6 43
3 35 18
1 35 17
5 35 16
3 34 16
5 34 15
2 33 15
2 32 15
2 31 15
0 36 18
6 1 45
2 2 45
2 3 45
4 4 45
6 4 44
4 5 44
6 5 43
0 1 46
0 25 44
0 13 24
-1
0 38 7
2 43 44
2 42 44
2 41 44
2 46 41
2 45 41
6 44 41
1 44 42
1 44 43
4 44 44
0 47 41
0 19 15
-1
-1
0 40 7
-1
-1
-1
0 13 29
-1
-1
-1
0 5 12
-1
-1
-1
0 19 40
1 19 14
-1
-1
0 19 13
1 23 45
-1
-1
0 23 46
-1
-1
-1
0 14 15
-1
-1
0 14 16
-1
-1
-1
0 19 35
-1
-1
0 44 44
5 4 1
1 4 2
1 4 3
0 3 1
1 6 39
1 6 40
1 6 41
1 6 42
0 6 38
0 16 15
2 12 29
-1
0 11 29
2 21 46
2 22 46
0 20 46
-1
-1
0 31 11
-1
0 8 13
2 1 2
4 2 2
6 2 1
0 0 2
-1
0 8 24
1 23 47
0 23 48
-1
-1
0 27 44
4 11 31
1 11 30
0 10 31
2 8 31
2 9 31
0 7 31
0 26 15
1 36 22
1 36 21
1 36 20
1 36 19
0 36 23
5 41 25
2 40 25
2 39 25
2 38 25
2 37 25
3 36 25
1 36 24
0 41 26
2 45 25
6 44 25
4 44 26
2 43 26
2 42 26
0 46 25
0 19 43
1 47 26
5 47 25
0 47 27
1 5 30
3 5 31
2 6 31
0 5 29
2 3 29
2 4 29
0 2 29
0 5 8
0 6 44
0 9 17
1 38 12
1 38 11
1 38 10
1 38 9
1 38 8
0 38 13
2 39 13
0 40 13
2 43 13
2 42 13
2 41 13
0 44 13
2 47 13
2 46 13
2 45 13
0 48 13
6 13 11
1 13 12
1 13 13
0 14 11
2 8 38
2 7 38
0 9 38
6 27 40
1 27 41
1 27 42
1 27 43
0 28 40
2 31 40
2 30 40
2 29 40
0 32 40
0 32 39
3 6 49
1 6 48
1 6 47
1 6 46
1 6 45
0 7 49
1 28 19
1 28 18
1 28 17
5 28 16
2 27 16
3 26 16
0 28 20
3 28 27
1 28 26
1 28 25
1 28 24
1 28 23
1 28 22
1 28 21
0 29 27
0 30 27
1 29 28
0 29 29
0 11 16
3 6 9
5 6 8
0 7 9
3 44 40
2 45 40
2 46 40
5 47 40
0 44 39
3 29 4
5 30 4
1 30 5
3 30 6
5 31 6
1 31 7
1 31 8
0 29 3
0 29 2
2 26 27
5 27 27
3 27 28
5 28 28
3 28 29
0 25 27
0 44 45
2 32 2
2 31 2
2 30 2
0 33 2
1 13 9
3 13 10
5 14 10
0 13 8
1 16 17
1 16 16
0 16 18
0 20 35
1 21 32
1 21 33
1 21 34
4 21 35
0 21 31
2 3 12
2 4 12
0 2 12
1 2 13
0 2 14
5 3 16
3 2 16
1 2 15
0 3 17
1 2 32
1 2 31
1 2 30
0 2 33
2 9 47
2 8 47
6 7 47
1 7 48
0 10 47
0 26 14
2 20 40
0 21 40
3 37 20
1 37 19
5 37 18
0 38 20
2 19 18
2 18 18
2 17 18
0 20 18
6 44 34
1 44 35
1 44 36
1 44 37
1 44 38
0 45 34
2 45 7
2 44 7
2 43 7
2 42 7
2 41 7
0 46 7
3 45 6
5 46 6
0 45 5
5 15 24
2 14 24
0 15 25
2 43 20
2 42 20
2 41 20
2 40 20
2 39 20
0 44 20
5 47 48
2 46 48
3 45 48
1 45 47
1 45 46
5 45 45
0 47 49
2 47 20
2 46 20
2 45 20
0 48 20
1 48 26
4 48 27
0 48 25
2 24 3
2 25 3
2 26 3
2 27 3
2 28 3
0 23 3
1 23 4
0 23 5
3 22 34
1 22 33
1 22 32
5 22 31
0 23 34
1 23 36
1 23 35
0 23 37
2 31 20
2 30 20
2 29 20
0 32 20
2 15 7
2 14 7
6 13 7
0 16 7
1 25 7
1 25 6
5 25 5
2 24 5
0 25 8
2 40 33
2 41 33
2 42 33
2 43 33
2 44 33
5 45 33
0 39 33
2 31 45
2 30 45
2 29 45
2 28 45
3 27 45
0 32 45
1 39 36
1 39 35
1 39 34
0 39 37
2 12 38
2 11 38
2 10 38
0 13 38
2 36 33
2 37 33
2 38 33
0 35 33
3 20 3
2 21 3
2 22 3
0 20 2
3 22 25
5 23 25
3 23 26
5 24 26
3 24 27
0 22 24
-1
-1
-1
-1
-1
-1
-1
-1
-1
-1
-1
-1
-1
-1
-1
-1
-1
-1
-1
-1
-1
-1
-1
-1
-1
-1
-1
-1
-1
-1
-1
-1
-1
-1
-1
-1
-1
-1
-1
-1
-1
-1
-1
-1
-1
-1
-1
-1
-1
-1
-1
-1
-1
-1
-1
-1
-1
-1
-1
-1
-1
-1
-1
-1
-1
-1
-1
-1
-1
-1
-1
-1
-1
-1
-1
-1
-1
-1
-1
-1
-1
-1
-1
-1
-1
-1
-1
-1
-1
-1
-1
-1
-1
-1
-1
-1
-1
-1
-1
-1
-1
-1
-1
-1
-1
-1
-1
-1
-1
-1
-1
-1
-1
-1
-1
-1
-1
-1
-1
-1
-1
-1
-1
-1
-1
-1
-1
-1
-1
-1
-1
-1
-1
-1
-1
-1
-1
-1
-1
-1
-1
-1
-1
-1
-1
-1
-1
-1
-1
-1
-1
-1
-1
-1
-1
-1
-1
-1
-1
-1
-1
-1
-1
-1
-1
-1
-1
-1
-1
-1
-1
-1
-1
-1
-1
-1
-1
-1
-1
-1
-1
-1
-1
-1
-1
-1
-1
-1
-1
-1
-1
-1
-1
-1
-1
-1
-1
-1
-1
-1
-1
-1
-1
-1
-1
-1
-1
-1
-1
-1
-1
-1
-1
-1
-1
-1
-1
-1
-1
-1
-1
-1
-1
-1
-1
-1
-1
-1
-1
-1
-1
-1
-1
