# start_size = 144
# yaki_cnt = 23920
# end_size = 217
0 15 28
2 18 28
2 17 28
2 16 28
3 22 29
5 22 28
2 21 28
2 20 28
2 19 28
2 25 29
2 24 29
1 27 33
1 27 32
1 27 31
1 27 30
5 27 29
1 28 39
1 28 38
1 28 37
1 28 36
5 28 35
3 27 35
1 27 34
2 26 29
2 23 29
2 31 41
3 30 41
5 30 40
2 29 40
2 36 41
2 35 41
2 34 41
2 33 41
2 37 41
2 40 43
3 39 43
1 39 42
5 39 41
2 38 41
2 32 41
3 28 40
0 41 43
-1
-1
-1
-1
-1
-1
-1
-1
-1
-1
-1
-1
-1
0 28 40
2 16 24
6 15 24
1 15 25
1 15 26
1 15 27
2 21 23
2 20 23
6 19 23
4 19 24
2 18 24
1 22 16
1 22 17
1 22 18
1 22 19
1 22 20
1 22 21
1 22 22
2 23 15
6 22 15
2 26 15
2 25 15
2 24 15
1 27 13
1 27 14
4 27 15
6 27 11
1 27 12
4 22 23
2 17 24
1 29 8
1 29 9
4 29 10
6 28 10
1 29 5
1 29 6
1 29 7
4 28 11
0 29 4
3 13 26
5 14 26
1 14 27
3 14 28
0 13 25
-1
-1
-1
-1
-1
-1
0 32 41
-1
-1
-1
-1
-1
-1
0 28 11
2 42 46
3 41 46
1 41 45
1 41 44
0 43 46
4 27 7
6 27 6
4 28 6
1 28 5
6 28 4
0 26 7
2 22 7
2 23 7
2 24 7
2 25 7
0 21 7
1 28 41
0 28 42
-1
-1
-1
0 17 24
1 41 40
1 41 41
1 41 42
0 41 39
2 40 39
-1
0 39 39
5 19 26
3 18 26
5 18 25
3 17 25
0 19 27
1 28 43
0 28 44
4 22 27
2 21 27
2 20 27
0 22 26
0 23 29
2 32 4
2 31 4
2 30 4
0 33 4
2 41 4
2 40 4
2 39 4
2 38 4
2 37 4
2 36 4
2 35 4
2 34 4
2 45 4
2 44 4
2 43 4
2 42 4
0 46 4
2 13 29
2 14 29
4 15 29
0 12 29
0 19 28
0 26 29
2 48 4
2 47 4
0 49 4
2 12 25
0 11 25
6 32 7
4 33 7
1 33 6
1 33 5
0 32 8
1 13 22
1 13 23
1 13 24
0 13 21
1 28 46
1 28 45
0 28 47
2 11 29
0 10 29
0 23 26
0 42 4
0 14 21
1 43 37
4 43 38
6 42 38
4 42 39
0 43 36
5 30 47
2 29 47
0 30 48
4 45 34
6 44 34
1 44 35
4 44 36
0 45 33
0 38 39
6 32 39
1 32 40
0 33 39
2 46 33
0 47 33
0 48 33
2 32 48
2 31 48
0 33 48
1 19 29
0 19 30
1 47 37
1 47 36
1 47 35
1 47 34
0 47 38
0 15 21
0 22 23
1 46 5
0 46 6
2 17 21
2 16 21
0 18 21
0 46 38
2 34 8
2 33 8
0 35 8
1 33 38
0 33 37
2 24 47
2 25 47
2 26 47
2 27 47
0 23 47
1 42 6
1 42 5
0 42 7
1 19 31
0 19 32
0 12 30
4 27 28
6 26 28
0 27 27
0 23 48
0 33 36
2 22 47
0 21 47
5 44 32
3 44 33
0 43 32
4 28 26
6 27 26
0 28 25
0 36 8
0 43 47
0 29 3
1 35 9
0 35 10
1 14 19
1 14 20
0 14 18
2 31 37
2 32 37
0 30 37
1 46 8
1 46 7
0 46 9
1 48 32
1 48 31
0 48 30
2 29 25
0 30 25
0 38 41
2 41 32
2 42 32
0 40 32
2 13 18
0 12 18
0 42 3
0 27 12
2 17 32
2 18 32
0 16 32
0 27 15
1 43 31
0 43 30
1 47 41
1 47 40
1 47 39
0 47 42
0 46 10
1 35 12
1 35 11
0 35 13
2 26 42
2 27 42
0 25 42
1 30 36
0 30 35
1 27 2
3 27 3
2 28 3
0 27 1
0 9 29
1 46 12
1 46 11
0 46 13
2 19 7
2 20 7
0 18 7
2 46 42
0 45 42
2 16 7
2 17 7
0 15 7
0 35 14
1 15 8
0 15 9
0 20 47
1 35 18
1 35 17
1 35 16
1 35 15
0 35 19
0 18 22
0 24 15
2 36 19
0 37 19
2 29 44
0 30 44
2 32 25
2 31 25
0 33 25
0 22 15
2 20 15
2 21 15
0 19 15
2 34 14
0 33 14
2 34 47
6 33 47
0 35 47
2 45 47
2 44 47
0 46 47
1 40 33
0 40 34
1 42 2
0 42 1
1 43 28
1 43 29
0 43 27
1 33 33
1 33 34
1 33 35
0 33 32
0 37 41
0 19 47
1 10 24
3 10 25
0 10 23
2 39 32
0 38 32
0 43 26
6 12 9
2 13 9
2 14 9
0 12 10
1 35 21
1 35 20
0 35 22
2 18 15
0 17 15
1 38 30
1 38 31
0 38 29
2 25 1
2 26 1
0 24 1
1 35 46
0 35 45
1 33 2
1 33 3
0 33 1
2 40 1
2 41 1
0 39 1
1 28 22
1 28 23
1 28 24
0 28 21
1 13 6
3 13 7
2 14 7
0 13 5
0 36 47
5 39 47
2 38 47
2 37 47
0 39 48
1 25 39
1 25 40
1 25 41
0 25 38
1 33 27
1 33 26
0 33 28
2 9 10
2 10 10
2 11 10
0 8 10
1 28 20
0 28 19
2 26 19
2 27 19
0 25 19
2 3 10
2 4 10
2 5 10
2 6 10
2 7 10
0 2 10
0 47 13
1 23 30
0 23 31
2 26 12
0 25 12
1 19 45
1 19 46
0 19 44
0 25 37
0 32 14
1 38 38
0 38 37
0 36 45
2 38 19
0 39 19
1 39 17
1 39 18
0 39 16
2 37 45
0 38 45
1 2 12
1 2 11
0 2 13
1 2 15
1 2 14
0 2 16
1 2 9
0 2 8
0 24 2
0 35 15
2 45 13
0 44 13
2 33 22
2 34 22
0 32 22
3 28 30
1 28 29
1 28 28
5 28 27
0 29 30
1 36 7
0 36 6
0 31 48
2 17 47
2 18 47
0 16 47
2 38 10
2 37 10
2 36 10
0 39 10
0 34 28
2 42 13
2 43 13
0 41 13
0 27 47
2 46 26
2 45 26
2 44 26
0 47 26
5 22 9
3 21 9
1 21 8
0 22 10
1 47 15
1 47 14
0 47 16
0 29 7
5 41 19
2 40 19
0 41 20
3 1 5
5 2 5
1 2 6
1 2 7
0 1 4
1 19 20
4 19 21
0 19 19
1 46 2
1 46 3
0 46 1
1 47 18
1 47 17
0 47 19
2 41 26
2 42 26
0 40 26
2 46 19
0 45 19
2 8 23
2 9 23
0 7 23
2 7 11
4 8 11
0 6 11
1 47 25
0 47 24
0 24 19
1 18 3
1 18 4
1 18 5
1 18 6
0 18 2
1 40 25
0 40 24
2 39 24
0 38 24
1 23 46
0 23 45
2 24 23
2 23 23
0 25 23
0 27 34
2 41 16
2 40 16
0 42 16
1 12 32
1 12 31
0 12 33
5 17 33
3 16 33
0 17 34
0 0 4
1 13 2
1 13 3
1 13 4
0 13 1
2 23 41
5 24 41
3 24 42
0 22 41
2 15 46
5 16 46
0 14 46
0 49 5
2 29 19
0 30 19
2 4 17
3 3 17
5 3 16
0 5 17
3 47 48
5 47 47
0 48 48
2 31 44
0 32 44
0 48 31
4 26 8
0 25 8
6 1 19
4 2 19
1 2 18
1 2 17
0 1 20
0 44 19
2 30 30
0 31 30
5 21 32
2 20 32
0 21 33
4 47 46
6 46 46
0 47 45
2 5 25
2 6 25
4 7 25
1 7 24
0 4 25
1 14 44
1 14 45
0 14 43
5 8 28
3 8 29
0 7 28
6 37 33
4 38 33
0 37 34
0 10 25
2 29 12
2 28 12
0 30 12
1 24 3
0 24 4
1 19 14
0 19 13
0 41 7
2 12 46
2 13 46
0 11 46
1 48 37
4 48 38
0 48 36
1 11 34
6 11 33
0 11 35
2 17 2
0 16 2
1 43 48
0 43 49
1 10 16
3 10 17
2 11 17
5 12 17
0 10 15
2 3 30
4 4 30
1 4 29
1 4 28
1 4 27
1 4 26
0 2 30
6 1 32
4 2 32
1 2 31
0 1 33
0 4 26
2 10 1
2 11 1
2 12 1
1 9 2
6 9 1
0 9 3
6 38 2
4 39 2
0 38 3
2 13 41
5 14 41
1 14 42
0 12 41
0 9 1
2 16 41
6 15 41
1 15 42
4 15 43
0 17 41
-1
-1
-1
-1
-1
-1
-1
-1
-1
-1
-1
-1
-1
-1
-1
-1
-1
-1
-1
-1
-1
-1
-1
-1
-1
-1
-1
-1
-1
-1
-1
-1
-1
-1
-1
-1
-1
-1
-1
-1
-1
-1
-1
-1
-1
-1
-1
-1
-1
-1
-1
-1
-1
-1
-1
-1
-1
-1
-1
-1
-1
-1
-1
-1
-1
-1
-1
-1
-1
-1
-1
-1
-1
-1
-1
-1
-1
-1
-1
-1
-1
-1
-1
-1
-1
-1
-1
-1
-1
-1
-1
-1
-1
-1
-1
-1
-1
-1
-1
-1
-1
-1
-1
-1
-1
-1
-1
-1
-1
-1
-1
-1
-1
-1
-1
-1
-1
-1
-1
-1
-1
-1
-1
-1
-1
-1
-1
-1
-1
-1
