# start_size = 127
# yaki_cnt = 102870
# end_size = 127
# real_sz = 127
0 2 15
1 3 16
5 3 15
2 20 17
2 19 17
2 18 17
2 17 17
2 16 17
2 15 17
2 14 17
2 13 17
2 12 17
2 11 17
2 10 17
2 9 17
2 8 17
2 7 17
2 6 17
2 5 17
2 4 17
3 3 17
5 25 17
2 24 17
2 23 17
2 22 17
2 30 18
2 29 18
2 28 18
2 27 18
2 26 18
3 25 18
1 35 23
5 35 22
3 34 22
5 34 21
3 33 21
5 33 20
2 32 20
3 31 20
1 31 19
5 31 18
5 36 29
3 35 29
1 35 28
1 35 27
1 35 26
1 35 25
1 35 24
2 21 17
0 36 30
3 37 36
1 37 35
5 37 34
3 36 34
1 36 33
1 36 32
1 36 31
-1
-1
-1
-1
-1
-1
-1
-1
-1
-1
-1
-1
-1
-1
-1
-1
-1
-1
-1
-1
-1
-1
-1
-1
-1
-1
-1
-1
-1
-1
-1
0 38 36
4 38 39
1 38 38
1 38 37
2 30 39
2 31 39
2 32 39
2 33 39
2 34 39
2 35 39
2 36 39
6 19 39
2 20 39
2 21 39
2 22 39
2 23 39
2 24 39
2 25 39
2 26 39
2 27 39
2 28 39
2 29 39
4 17 42
6 17 41
2 18 41
4 19 41
1 16 44
1 16 43
1 16 46
1 16 45
6 16 42
1 19 40
2 37 39
0 16 47
5 12 46
3 12 47
2 13 47
2 14 47
2 15 47
-1
-1
-1
-1
-1
-1
-1
-1
0 11 46
1 11 45
6 13 42
4 13 43
6 12 43
4 12 44
6 11 44
-1
-1
-1
0 14 42
6 43 34
4 43 35
6 42 35
4 42 36
2 41 36
2 40 36
2 39 36
0 44 34
2 8 14
2 7 14
2 6 14
2 5 14
2 4 14
2 3 14
6 2 14
6 9 10
1 9 11
1 9 12
1 9 13
4 9 14
0 10 10
0 21 17
-1
-1
-1
-1
0 35 24
1 14 40
1 14 41
2 12 39
2 13 39
5 14 39
0 11 39
4 42 38
6 42 37
2 43 37
4 44 37
1 44 36
1 44 35
0 41 38
4 23 15
2 22 15
6 21 15
1 21 16
0 23 14
4 21 20
1 21 19
1 21 18
0 20 20
0 3 17
0 37 39
2 35 37
2 36 37
5 37 37
1 37 38
0 34 37
1 3 18
0 3 19
2 26 13
6 25 13
4 25 14
2 24 14
0 27 13
5 31 14
3 30 14
5 30 13
2 29 13
2 28 13
0 31 15
2 34 15
2 33 15
2 32 15
0 35 15
4 12 36
6 11 36
1 11 37
1 11 38
0 12 35
6 1 21
2 2 21
4 3 21
1 3 20
0 1 22
4 14 35
2 13 35
0 14 34
1 16 36
1 16 35
5 16 34
2 15 34
0 16 37
0 31 18
2 20 37
2 19 37
2 18 37
2 17 37
0 21 37
0 19 40
2 10 39
0 9 39
6 28 11
4 28 12
6 27 12
0 29 11
2 9 46
2 10 46
0 8 46
0 11 44
5 6 44
3 6 45
5 7 45
3 7 46
0 5 44
4 31 11
2 30 11
0 31 10
4 6 43
6 5 43
0 6 42
3 30 24
2 31 24
2 32 24
2 33 24
2 34 24
0 30 23
2 30 26
3 29 26
1 29 25
1 29 24
6 29 23
0 31 26
0 16 42
0 16 45
3 19 14
2 20 14
2 21 14
2 22 14
0 19 13
2 32 35
5 33 35
3 33 36
5 34 36
0 31 35
1 29 37
1 29 36
6 29 35
2 30 35
0 29 38
0 29 39
2 7 48
4 8 48
1 8 47
0 6 48
1 31 33
1 31 34
0 31 32
3 28 31
5 29 31
3 29 32
2 30 32
0 28 30
1 21 34
1 21 35
1 21 36
0 21 33
1 39 31
5 39 30
2 38 30
2 37 30
0 39 32
1 1 10
1 1 11
1 1 12
1 1 13
1 1 14
3 1 15
0 1 9
5 23 40
2 22 40
2 21 40
2 20 40
0 23 41
2 24 42
3 23 42
0 25 42
2 19 45
2 18 45
2 17 45
0 20 45
2 2 42
2 3 42
2 4 42
2 5 42
0 1 42
2 11 35
0 10 35
3 6 35
2 7 35
2 8 35
2 9 35
0 6 34
2 15 14
4 16 14
6 16 13
2 17 13
2 18 13
0 14 14
0 9 14
5 38 26
2 37 26
3 36 26
1 36 25
5 36 24
0 38 27
1 1 46
1 1 45
1 1 44
1 1 43
0 1 47
4 24 11
6 23 11
1 23 12
1 23 13
0 24 10
1 22 31
1 22 32
4 22 33
0 22 30
2 20 30
2 21 30
0 19 30
5 23 21
2 22 21
2 21 21
3 20 21
0 23 22
0 24 22
6 28 22
2 29 22
5 30 22
0 28 23
1 3 40
4 3 41
2 2 41
6 1 41
0 3 39
3 18 8
5 19 8
1 19 9
1 19 10
1 19 11
1 19 12
0 18 7
6 18 5
1 18 6
0 19 5
1 39 24
1 39 25
1 39 26
4 39 27
0 39 23
1 39 20
1 39 21
1 39 22
0 39 19
3 12 49
5 12 48
3 11 48
1 11 47
0 13 49
0 37 40
2 36 15
0 37 15
1 11 31
4 11 32
6 10 32
1 10 33
1 10 34
0 11 30
1 29 6
1 29 7
1 29 8
1 29 9
1 29 10
0 29 5
2 28 5
0 27 5
5 27 2
1 27 3
1 27 4
0 26 2
2 24 2
2 25 2
0 23 2
4 22 37
0 22 36
1 21 27
1 21 28
3 21 29
5 22 29
0 21 26
1 35 32
1 35 31
6 35 30
0 35 33
3 5 10
5 5 9
2 4 9
2 3 9
2 2 9
0 6 10
4 8 19
2 7 19
2 6 19
2 5 19
2 4 19
0 8 18
6 44 30
1 44 31
1 44 32
1 44 33
0 45 30
1 45 28
1 45 29
0 45 27
3 5 36
1 5 35
6 5 34
0 6 36
6 33 41
4 34 41
6 34 40
2 35 40
2 36 40
0 33 42
1 33 45
1 33 44
1 33 43
0 33 46
2 32 46
0 31 46
6 18 34
4 19 34
6 19 33
2 20 33
0 18 35
6 1 6
1 1 7
1 1 8
0 2 6
5 44 39
2 43 39
2 42 39
3 41 39
0 44 40
3 17 26
2 18 26
2 19 26
2 20 26
0 17 25
2 43 43
4 44 43
1 44 42
1 44 41
0 42 43
1 3 5
4 3 6
0 3 4
5 37 46
2 36 46
2 35 46
2 34 46
0 37 47
2 17 20
2 18 20
2 19 20
0 16 20
1 22 47
5 22 46
2 21 46
3 20 46
0 22 48
6 19 48
2 20 48
2 21 48
0 19 49
4 16 33
2 15 33
6 14 33
0 16 32
6 31 8
1 31 9
0 32 8
2 8 20
4 9 20
1 9 19
5 9 18
0 7 20
3 7 24
1 7 23
1 7 22
1 7 21
0 8 24
1 25 45
1 25 44
1 25 43
0 25 46
4 4 12
6 4 11
2 5 11
4 6 11
0 3 12
0 35 34
6 24 28
1 24 29
4 24 30
2 23 30
0 25 28
4 1 26
1 1 25
1 1 24
1 1 23
0 0 26
2 1 30
3 0 30
1 0 29
1 0 28
1 0 27
0 2 30
2 19 44
5 20 44
0 18 44
4 12 24
2 11 24
2 10 24
2 9 24
0 12 23
2 31 3
6 30 3
1 30 4
4 30 5
0 32 3
1 45 23
1 45 24
1 45 25
1 45 26
0 45 22
4 8 28
1 8 27
1 8 26
1 8 25
0 7 28
6 14 26
2 15 26
4 16 26
6 16 25
0 14 27
0 14 39
0 25 18
2 48 24
3 47 24
1 47 23
5 47 22
2 46 22
0 49 24
6 10 7
1 10 8
1 10 9
0 11 7
6 12 1
1 12 2
4 12 3
6 11 3
1 11 4
1 11 5
1 11 6
0 13 1
6 9 0
2 10 0
2 11 0
2 12 0
5 13 0
0 9 1
2 15 11
6 14 11
1 14 12
1 14 13
0 16 11
5 4 22
2 3 22
2 2 22
0 4 23
5 41 28
2 40 28
2 39 28
3 38 28
0 41 29
2 46 32
3 45 32
1 45 31
0 47 32
1 12 15
6 12 14
2 13 14
0 12 16
5 38 8
2 37 8
2 36 8
2 35 8
2 34 8
2 33 8
0 38 9
-1
-1
-1
-1
-1
-1
-1
-1
-1
-1
-1
-1
-1
-1
-1
-1
-1
-1
-1
-1
-1
-1
-1
-1
-1
-1
-1
-1
-1
-1
-1
-1
-1
-1
-1
-1
-1
-1
-1
-1
-1
-1
-1
-1
-1
-1
-1
-1
-1
-1
-1
-1
-1
-1
-1
-1
-1
-1
-1
-1
-1
-1
-1
-1
-1
-1
-1
-1
-1
-1
-1
-1
-1
-1
-1
-1
-1
-1
-1
-1
-1
-1
-1
-1
-1
-1
-1
-1
-1
-1
-1
-1
-1
-1
-1
-1
-1
-1
-1
-1
-1
-1
-1
-1
-1
-1
-1
-1
-1
-1
-1
-1
-1
-1
-1
-1
-1
-1
-1
-1
-1
-1
-1
-1
-1
-1
-1
-1
-1
-1
-1
-1
-1
-1
-1
-1
-1
-1
-1
-1
-1
-1
