# yaki_cnt = 54200
# 146
0 5 31
1 9 29
1 9 30
4 9 31
2 8 31
2 7 31
2 6 31
2 10 28
1 14 27
4 14 28
2 13 28
2 12 28
4 17 26
2 16 26
2 15 26
1 20 23
1 20 24
4 20 25
2 19 25
2 18 25
1 21 20
1 21 21
4 21 22
2 32 19
2 31 19
2 30 19
2 29 19
2 28 19
2 27 19
2 26 19
2 25 19
2 24 19
2 23 19
2 22 19
2 44 19
2 43 19
2 42 19
2 41 19
2 40 19
2 39 19
2 38 19
2 37 19
2 36 19
2 35 19
2 34 19
2 33 19
6 21 19
6 20 22
6 17 25
6 14 26
2 11 28
6 9 28
2 47 19
2 46 19
2 45 19
0 48 19
2 3 29
2 4 29
5 5 29
1 5 30
0 2 29
2 8 33
2 7 33
2 6 33
3 5 33
1 5 32
2 11 34
2 10 34
3 9 34
2 26 34
2 25 34
2 24 34
2 23 34
2 22 34
2 21 34
2 20 34
2 19 34
2 18 34
2 17 34
2 16 34
2 15 34
2 14 34
2 13 34
2 29 34
2 28 34
2 27 34
2 31 36
3 30 36
1 30 35
5 30 34
2 12 34
5 32 36
5 9 33
0 32 37
0 45 19
1 4 33
1 4 32
6 4 31
0 4 34
0 9 33
2 34 39
2 33 39
3 32 39
1 32 38
0 35 39
0 35 40
1 31 40
1 31 39
1 31 38
6 31 37
0 31 41
4 2 32
1 2 31
1 2 30
0 1 32
0 9 28
2 44 16
5 45 16
1 45 17
1 45 18
0 43 16
1 43 11
1 43 12
1 43 13
1 43 14
1 43 15
0 43 10
1 45 8
1 45 9
4 45 10
2 44 10
0 45 7
0 32 36
5 2 26
1 2 27
1 2 28
0 1 26
0 1 25
2 43 5
2 44 5
5 45 5
1 45 6
0 42 5
1 2 24
4 2 25
0 2 23
1 48 20
0 48 21
0 11 28
2 5 25
2 4 25
3 3 25
1 3 24
5 3 23
0 6 25
2 41 9
2 42 9
5 43 9
0 40 9
2 30 41
0 29 41
2 39 10
4 40 10
0 38 10
1 1 35
1 1 34
1 1 33
0 1 36
4 6 27
1 6 26
0 5 27
1 34 34
1 34 35
4 34 36
2 33 36
0 34 33
4 45 4
2 44 4
2 43 4
6 42 4
0 45 3
0 6 31
1 48 18
0 48 17
1 30 38
1 30 39
4 30 40
6 29 40
0 30 37
4 47 7
2 46 7
0 47 6
2 38 40
2 37 40
2 36 40
0 39 40
1 4 21
4 4 22
2 3 22
6 2 22
0 4 20
1 4 19
0 4 18
3 4 35
0 5 35
0 14 26
0 17 25
0 20 22
1 11 29
0 11 30
2 14 31
2 13 31
2 12 31
3 11 31
0 15 31
1 48 8
1 48 7
5 48 6
4 48 11
1 48 10
1 48 9
0 47 11
1 7 23
1 7 24
4 7 25
0 7 22
1 5 14
1 5 15
1 5 16
1 5 17
4 5 18
0 5 13
5 45 2
0 44 2
1 6 10
1 6 11
1 6 12
4 6 13
0 6 9
2 5 6
5 6 6
1 6 7
1 6 8
0 4 6
4 5 5
6 4 5
0 5 4
0 21 19
2 18 17
2 19 17
2 20 17
5 21 17
1 21 18
0 17 17
1 18 15
4 18 16
6 17 16
0 18 14
2 16 14
2 17 14
0 15 14
2 41 1
2 42 1
2 43 1
5 44 1
0 40 1
1 39 39
0 39 38
1 40 35
1 40 36
1 40 37
4 40 38
0 40 34
0 12 34
5 14 22
1 14 23
1 14 24
1 14 25
0 13 22
1 19 30
4 19 31
2 18 31
2 17 31
2 16 31
4 22 29
2 21 29
2 20 29
1 24 25
1 24 26
1 24 27
4 24 28
2 23 28
6 22 28
6 19 29
0 24 24
4 28 24
2 27 24
2 26 24
2 25 24
0 28 23
2 44 20
4 45 20
0 43 20
2 43 40
2 42 40
2 41 40
2 40 40
0 44 40
1 15 12
1 15 13
0 15 11
1 45 38
1 45 39
4 45 40
0 45 37
2 47 37
2 46 37
0 48 37
1 48 35
1 48 36
0 48 34
2 36 43
3 35 43
1 35 42
1 35 41
0 37 43
3 37 47
1 37 46
1 37 45
1 37 44
0 38 47
2 39 47
0 40 47
5 38 8
1 38 9
0 37 8
2 28 38
4 29 38
6 29 37
0 27 38
1 12 37
1 12 36
1 12 35
0 12 38
2 9 38
2 10 38
2 11 38
0 8 38
0 30 34
2 13 11
2 14 11
0 12 11
2 18 11
2 17 11
2 16 11
0 19 11
1 19 9
1 19 10
0 19 8
2 11 10
5 12 10
0 10 10
4 42 47
2 41 47
0 42 46
3 43 48
1 43 47
5 43 46
0 44 48
4 46 48
2 45 48
0 46 47
1 47 46
4 47 47
0 47 45
1 42 12
1 42 11
6 42 10
0 42 13
5 13 19
1 13 20
1 13 21
0 12 19
0 19 29
2 41 34
0 42 34
2 38 36
5 39 36
1 39 37
0 37 36
0 22 28
1 11 8
4 11 9
6 10 9
0 11 7
2 3 16
5 4 16
1 4 17
0 2 16
2 7 5
3 6 5
5 6 4
0 8 5
4 48 23
1 48 22
0 47 23
2 1 16
0 0 16
3 15 33
1 15 32
0 16 33
2 2 2
2 3 2
2 4 2
5 5 2
1 5 3
0 1 2
2 35 33
0 36 33
1 1 1
0 1 0
1 44 33
4 44 34
2 43 34
0 44 32
5 44 29
1 44 30
1 44 31
0 43 29
2 32 44
3 31 44
1 31 43
1 31 42
0 33 44
4 9 22
2 8 22
0 9 21
1 9 25
1 9 26
1 9 27
0 9 24
5 9 17
1 9 18
1 9 19
1 9 20
0 8 17
1 36 31
1 36 32
0 36 30
3 48 48
1 48 47
1 48 46
5 48 45
0 49 48
0 27 34
4 31 23
2 30 23
2 29 23
0 31 22
2 31 18
2 32 18
2 33 18
2 34 18
2 35 18
2 36 18
2 37 18
2 38 18
2 39 18
2 40 18
2 41 18
2 42 18
4 43 18
1 43 17
0 30 18
0 33 19
2 23 14
2 22 14
2 21 14
2 20 14
2 19 14
0 24 14
2 25 35
2 26 35
4 27 35
0 24 35
2 20 37
2 21 37
2 22 37
2 23 37
4 24 37
1 24 36
0 19 37
2 20 40
3 19 40
1 19 39
1 19 38
0 21 40
1 21 43
1 21 42
1 21 41
0 21 44
5 28 21
1 28 22
0 27 21
2 40 5
2 41 5
0 39 5
2 19 46
2 20 46
4 21 46
1 21 45
0 18 46
4 47 13
1 47 12
0 46 13
4 11 16
2 10 16
2 9 16
6 8 16
0 11 15
1 12 3
1 12 4
1 12 5
1 12 6
4 12 7
0 12 2
5 27 26
1 27 27
1 27 28
1 27 29
1 27 30
1 27 31
1 27 32
1 27 33
0 26 26
1 8 1
1 8 2
1 8 3
1 8 4
0 8 0
3 28 28
1 28 27
1 28 26
5 28 25
2 27 25
6 26 25
0 29 28
5 19 3
1 19 4
1 19 5
1 19 6
1 19 7
0 18 3
4 44 42
1 44 41
0 43 42
0 48 9
2 17 4
4 18 4
0 16 4
2 26 14
2 25 14
0 27 14
1 1 40
1 1 39
1 1 38
1 1 37
0 1 41
2 2 43
3 1 43
1 1 42
0 3 43
1 24 10
1 24 11
1 24 12
1 24 13
0 24 9
2 35 4
2 36 4
2 37 4
2 38 4
5 39 4
0 34 4
4 34 6
1 34 5
0 33 6
4 38 30
2 37 30
0 38 29
3 24 17
1 24 16
1 24 15
0 25 17
2 16 45
2 17 45
5 18 45
0 15 45
1 30 33
0 30 32
1 32 16
4 32 17
2 31 17
6 30 17
0 32 15
2 34 24
2 33 24
3 32 24
1 32 23
5 32 22
0 35 24
2 46 28
2 45 28
2 44 28
6 43 28
0 47 28
4 12 43
1 12 42
1 12 41
1 12 40
1 12 39
0 11 43
2 4 46
3 3 46
1 3 45
1 3 44
0 5 46
2 7 46
2 6 46
0 8 46
2 23 47
3 22 47
1 22 46
1 22 45
5 22 44
0 24 47
4 21 33
2 20 33
2 19 33
2 18 33
2 17 33
0 21 32
-1
-1
-1
-1
-1
-1
-1
-1
-1
-1
-1
-1
-1
-1
-1
-1
-1
-1
-1
-1
-1
-1
-1
-1
-1
-1
-1
-1
-1
-1
-1
-1
-1
-1
-1
-1
-1
-1
-1
-1
-1
-1
-1
-1
-1
-1
-1
-1
-1
-1
-1
-1
-1
-1
-1
-1
-1
-1
-1
-1
-1
-1
-1
-1
-1
-1
-1
-1
-1
-1
-1
-1
-1
-1
-1
-1
-1
-1
-1
-1
-1
-1
-1
-1
-1
-1
-1
-1
-1
-1
-1
-1
-1
-1
-1
-1
-1
-1
-1
-1
-1
-1
-1
-1
-1
-1
-1
-1
-1
-1
-1
-1
-1
-1
-1
-1
-1
-1
-1
-1
-1
-1
-1
-1
-1
-1
-1
-1
-1
-1
-1
-1
-1
-1
-1
-1
-1
-1
-1
-1
-1
-1
-1
-1
-1
-1
-1
-1
-1
-1
-1
-1
-1
-1
-1
-1
-1
-1
-1
