# money = 376627
# income = 1993
1 43 21
1 43 22
1 43 23
1 43 24
1 43 25
1 43 26
1 43 27
1 43 28
1 43 29
1 43 30
1 43 31
1 43 32
1 43 33
1 43 34
1 43 35
1 43 36
1 43 37
1 43 38
4 43 39
2 42 39
2 41 39
2 40 39
2 39 39
2 38 39
2 37 39
2 36 39
2 35 39
2 34 39
2 33 39
2 32 39
2 31 39
2 30 39
2 29 39
2 28 39
2 27 39
2 26 39
2 25 39
2 24 39
2 23 39
2 22 39
2 21 39
2 20 39
2 19 39
2 18 39
2 17 39
2 16 39
2 15 39
2 14 39
2 13 39
2 12 39
2 11 39
2 10 39
0 9 39
0 43 20
-1
-1
-1
-1
-1
-1
-1
-1
-1
-1
-1
-1
-1
-1
-1
-1
-1
-1
-1
-1
-1
-1
-1
-1
-1
-1
-1
6 42 20
1 42 21
1 42 22
1 42 23
4 42 24
0 41 24
-1
-1
-1
-1
-1
-1
-1
-1
-1
-1
-1
-1
-1
-1
-1
-1
-1
-1
-1
-1
-1
-1
-1
-1
-1
-1
-1
-1
-1
-1
-1
-1
-1
-1
-1
-1
3 9 40
2 10 40
2 11 40
2 12 40
2 13 40
2 14 40
2 15 40
2 16 40
5 17 40
1 17 41
1 17 42
0 17 43
-1
-1
-1
-1
-1
-1
-1
-1
-1
-1
-1
-1
-1
-1
-1
-1
-1
-1
-1
-1
-1
-1
6 9 38
2 10 38
2 11 38
2 12 38
4 13 38
1 13 37
1 13 36
1 13 35
1 13 34
1 13 33
1 13 32
1 13 31
0 13 30
-1
-1
-1
-1
-1
-1
-1
-1
-1
-1
-1
-1
-1
-1
-1
-1
-1
-1
-1
-1
4 14 30
1 14 29
1 14 28
1 14 27
1 14 26
1 14 25
1 14 24
1 14 23
1 14 22
1 14 21
1 14 20
1 14 19
1 14 18
1 14 17
1 14 16
1 14 15
1 14 14
1 14 13
1 14 12
1 14 11
1 14 10
0 14 9
-1
-1
-1
-1
-1
-1
-1
-1
-1
-1
-1
-1
-1
-1
-1
-1
-1
-1
-1
-1
-1
-1
-1
-1
5 44 20
1 44 21
1 44 22
1 44 23
1 44 24
1 44 25
0 44 26
4 15 9
1 15 8
1 15 7
1 15 6
1 15 5
1 15 4
1 15 3
1 15 2
1 15 1
0 15 0
-1
-1
-1
-1
-1
-1
-1
-1
-1
-1
-1
-1
-1
-1
-1
-1
-1
-1
-1
-1
-1
-1
-1
-1
-1
-1
-1
2 16 0
2 17 0
2 18 0
2 19 0
2 20 0
2 21 0
5 22 0
1 22 1
1 22 2
1 22 3
1 22 4
1 22 5
1 22 6
1 22 7
1 22 8
1 22 9
1 22 10
1 22 11
1 22 12
1 22 13
0 22 14
2 12 30
2 11 30
2 10 30
2 9 30
2 8 30
2 7 30
2 6 30
2 5 30
2 4 30
2 3 30
3 2 30
1 2 29
1 2 28
1 2 27
1 2 26
1 2 25
0 2 24
2 21 14
2 20 14
2 19 14
2 18 14
3 17 14
1 17 13
1 17 12
1 17 11
1 17 10
0 17 9
2 3 24
2 4 24
2 5 24
2 6 24
2 7 24
2 8 24
4 9 24
1 9 23
1 9 22
1 9 21
1 9 20
1 9 19
0 9 18
4 17 44
2 16 44
2 15 44
0 14 44
5 43 19
2 42 19
3 41 19
0 41 18
-1
-1
-1
-1
-1
-1
-1
-1
-1
-1
-1
2 40 24
2 39 24
2 38 24
2 37 24
2 36 24
2 35 24
0 34 24
1 2 23
1 2 22
1 2 21
1 2 20
1 2 19
1 2 18
1 2 17
0 2 16
1 9 17
1 9 16
1 9 15
1 9 14
0 9 13
-1
-1
-1
-1
-1
-1
-1
-1
3 34 25
2 35 25
5 36 25
1 36 26
1 36 27
1 36 28
1 36 29
1 36 30
1 36 31
1 36 32
1 36 33
1 36 34
1 36 35
1 36 36
1 36 37
0 36 38
2 1 16
3 0 16
1 0 15
1 0 14
1 0 13
1 0 12
0 0 11
2 40 18
2 39 18
2 38 18
3 37 18
1 37 17
1 37 16
1 37 15
1 37 14
1 37 13
0 37 12
5 10 18
1 10 19
0 10 20
3 36 12
1 36 11
1 36 10
1 36 9
1 36 8
1 36 7
1 36 6
0 36 5
1 22 15
1 22 16
1 22 17
1 22 18
1 22 19
1 22 20
1 22 21
1 22 22
1 22 23
1 22 24
1 22 25
1 22 26
1 22 27
1 22 28
1 22 29
1 22 30
1 22 31
0 22 32
1 36 4
1 36 3
0 36 2
2 45 26
2 46 26
2 47 26
4 48 26
1 48 25
1 48 24
1 48 23
0 48 22
3 44 27
2 45 27
2 46 27
5 47 27
1 47 28
1 47 29
1 47 30
1 47 31
1 47 32
1 47 33
1 47 34
1 47 35
1 47 36
1 47 37
1 47 38
1 47 39
0 47 40
5 13 29
2 12 29
2 11 29
2 10 29
2 9 29
3 8 29
1 8 28
0 8 27
3 7 27
1 7 26
0 7 25
2 37 38
2 38 38
2 39 38
4 40 38
1 40 37
1 40 36
1 40 35
1 40 34
0 40 33
2 37 2
4 38 2
1 38 1
0 38 0
6 16 9
1 16 10
1 16 11
1 16 12
1 16 13
1 16 14
3 16 15
5 17 15
1 17 16
1 17 17
0 17 18
2 18 43
2 19 43
2 20 43
2 21 43
4 22 43
0 22 42
3 39 33
1 39 32
1 39 31
1 39 30
1 39 29
0 39 28
1 14 45
4 14 46
2 13 46
0 12 46
2 18 18
2 19 18
2 20 18
4 21 18
0 21 17
4 1 11
1 1 10
1 1 9
0 1 8
2 38 28
3 37 28
0 37 27
2 23 14
2 24 14
2 25 14
2 26 14
2 27 14
2 28 14
2 29 14
2 30 14
5 31 14
0 31 15
6 14 0
1 14 1
4 14 2
2 13 2
2 12 2
0 11 2
2 32 15
2 33 15
4 34 15
0 34 14
2 23 32
2 24 32
4 25 32
1 25 31
1 25 30
1 25 29
1 25 28
1 25 27
1 25 26
0 25 25
3 22 33
5 23 33
1 23 34
1 23 35
1 23 36
1 23 37
0 23 38
2 2 8
2 3 8
5 4 8
0 4 9
2 35 5
2 34 5
2 33 5
2 32 5
2 31 5
2 30 5
2 29 5
2 28 5
0 27 5
6 1 24
1 1 25
1 1 26
1 1 27
1 1 28
1 1 29
1 1 30
3 1 31
2 2 31
2 3 31
5 4 31
0 4 32
2 38 12
2 39 12
2 40 12
5 41 12
0 41 13
3 12 47
2 13 47
2 14 47
2 15 47
2 16 47
2 17 47
2 18 47
5 19 47
1 19 48
0 19 49
2 46 40
3 45 40
1 45 39
1 45 38
1 45 37
1 45 36
1 45 35
0 45 34
4 42 13
1 42 12
5 42 11
3 41 11
1 41 10
0 41 9
2 35 14
5 36 14
1 36 15
0 36 16
2 5 32
2 6 32
2 7 32
5 8 32
1 8 33
0 8 34
1 31 16
1 31 17
1 31 18
0 31 19
2 10 13
2 11 13
2 12 13
0 13 13
5 18 9
1 18 10
1 18 11
1 18 12
0 18 13
1 45 33
1 45 32
1 45 31
1 45 30
0 45 29
2 42 9
2 43 9
2 44 9
2 45 9
2 46 9
2 47 9
4 48 9
0 48 8
2 47 8
3 46 8
1 46 7
1 46 6
1 46 5
0 46 4
2 5 9
2 6 9
2 7 9
4 8 9
1 8 8
0 8 7
1 13 14
1 13 15
0 13 16
3 47 22
1 47 21
1 47 20
1 47 19
1 47 18
0 47 17
3 0 8
1 0 7
1 0 6
1 0 5
1 0 4
1 0 3
1 0 2
0 0 1
-1
-1
-1
-1
-1
-1
-1
-1
-1
-1
-1
-1
-1
-1
-1
-1
-1
-1
-1
-1
-1
-1
-1
-1
-1
-1
-1
-1
-1
-1
-1
-1
-1
-1
-1
-1
-1
-1
-1
-1
-1
-1
-1
-1
-1
-1
-1
-1
-1
-1
-1
-1
-1
-1
-1
-1
-1
-1
-1
-1
-1
-1
-1
-1
-1
-1
-1
-1
-1
-1
-1
-1
-1
-1
-1
-1
-1
-1
-1
-1
-1
-1
-1
-1
-1
-1
-1
-1
-1
-1
-1
-1
-1
-1
-1
-1
-1
-1
-1
-1
-1
-1
-1
