# money = 8968485
# income = 25299
2 36 37
2 35 37
2 34 37
2 33 37
2 32 37
2 31 37
2 30 37
2 29 37
2 28 37
2 27 37
2 26 37
2 25 37
2 24 37
2 23 37
2 22 37
2 21 37
2 20 37
2 19 37
2 18 37
2 17 37
2 16 37
2 15 37
2 14 37
2 13 37
2 12 37
2 11 37
2 10 37
2 9 37
2 8 37
2 7 37
2 6 37
2 5 37
2 4 37
2 3 37
3 2 37
1 2 36
1 2 35
1 2 34
1 2 33
1 2 32
1 2 31
1 2 30
1 2 29
1 2 28
1 2 27
1 2 26
1 2 25
1 2 24
1 2 23
1 2 22
0 2 21
0 37 37
-1
-1
-1
-1
-1
-1
-1
-1
-1
-1
-1
-1
-1
-1
-1
-1
-1
2 3 21
2 4 21
4 5 21
1 5 20
0 5 19
1 37 36
1 37 35
1 37 34
0 37 33
-1
-1
-1
-1
-1
-1
-1
-1
-1
-1
-1
6 1 21
1 1 22
1 1 23
1 1 24
0 1 25
2 6 19
2 7 19
2 8 19
2 9 19
2 10 19
2 11 19
2 12 19
2 13 19
2 14 19
2 15 19
2 16 19
2 17 19
2 18 19
4 19 19
1 19 18
1 19 17
1 19 16
1 19 15
1 19 14
1 19 13
1 19 12
1 19 11
1 19 10
0 19 9
6 36 33
4 36 34
2 35 34
2 34 34
0 33 34
6 18 9
4 18 10
2 17 10
2 16 10
0 15 10
2 20 9
2 21 9
2 22 9
2 23 9
2 24 9
2 25 9
2 26 9
2 27 9
2 28 9
2 29 9
2 30 9
2 31 9
2 32 9
2 33 9
2 34 9
2 35 9
2 36 9
5 37 9
1 37 10
0 37 11
4 37 12
2 36 12
2 35 12
2 34 12
2 33 12
0 32 12
1 1 26
1 1 27
1 1 28
1 1 29
1 1 30
1 1 31
1 1 32
1 1 33
1 1 34
1 1 35
1 1 36
1 1 37
3 1 38
2 2 38
2 3 38
2 4 38
2 5 38
2 6 38
2 7 38
2 8 38
2 9 38
2 10 38
2 11 38
2 12 38
5 13 38
1 13 39
0 13 40
1 13 41
1 13 42
1 13 43
1 13 44
4 13 45
2 12 45
2 11 45
2 10 45
2 9 45
0 8 45
1 15 9
1 15 8
1 15 7
1 15 6
1 15 5
1 15 4
0 15 3
1 32 13
1 32 14
1 32 15
1 32 16
1 32 17
1 32 18
1 32 19
1 32 20
1 32 21
1 32 22
4 32 23
2 31 23
2 30 23
2 29 23
2 28 23
2 27 23
2 26 23
2 25 23
2 24 23
2 23 23
2 22 23
2 21 23
2 20 23
2 19 23
2 18 23
2 17 23
2 16 23
2 15 23
2 14 23
2 13 23
2 12 23
2 11 23
2 10 23
2 9 23
2 8 23
2 7 23
2 6 23
0 5 23
6 32 11
2 33 11
2 34 11
2 35 11
2 36 11
5 38 11
1 38 12
1 38 13
4 38 14
2 37 14
2 36 14
2 35 14
2 34 14
0 33 14
2 14 3
2 13 3
3 12 3
1 12 2
0 12 1
1 5 24
1 5 25
4 5 26
2 4 26
0 3 26
3 7 45
1 7 44
1 7 43
1 7 42
1 7 41
1 7 40
0 7 39
2 14 40
2 15 40
2 16 40
5 17 40
1 17 41
0 17 42
5 2 20
3 1 20
1 1 19
0 1 18
3 3 27
5 4 27
1 4 28
1 4 29
1 4 30
1 4 31
1 4 32
0 4 33
6 19 8
2 20 8
4 21 8
1 21 7
1 21 6
0 21 5
3 8 46
2 9 46
2 10 46
2 11 46
5 12 46
0 12 47
2 5 33
4 6 33
1 6 32
1 6 31
1 6 30
1 6 29
1 6 28
0 6 27
3 20 5
1 20 4
1 20 3
1 20 2
0 20 1
3 31 12
1 31 11
6 31 10
2 32 10
0 33 10
4 16 3
1 16 2
1 16 1
0 16 0
4 12 48
2 11 48
2 10 48
2 9 48
2 8 48
0 7 48
4 18 42
1 18 41
1 18 40
5 18 39
2 17 39
3 16 39
0 16 38
2 14 10
3 13 10
1 13 9
1 13 8
0 13 7
1 15 11
1 15 12
1 15 13
0 15 14
6 8 44
2 9 44
0 10 44
6 6 39
4 6 40
2 5 40
2 4 40
0 3 40
2 17 38
2 18 38
2 19 38
2 20 38
2 21 38
0 22 38
2 22 5
2 23 5
5 24 5
1 24 6
0 24 7
2 14 14
2 13 14
3 12 14
1 12 13
0 12 12
3 33 15
2 34 15
2 35 15
2 36 15
2 37 15
2 38 15
4 39 15
0 39 14
1 17 43
1 17 44
0 17 45
1 15 15
1 15 16
4 15 17
2 14 17
0 13 17
3 33 35
5 34 35
0 34 36
3 3 33
1 3 32
1 3 31
1 3 30
0 3 29
3 3 41
2 4 41
2 5 41
5 6 41
0 6 42
2 12 7
2 11 7
3 10 7
1 10 6
0 10 5
6 2 40
1 2 41
1 2 42
1 2 43
1 2 44
1 2 45
0 2 46
5 38 33
1 38 34
0 38 35
3 4 34
2 5 34
2 6 34
2 7 34
5 8 34
1 8 35
0 8 36
2 40 14
2 41 14
2 42 14
2 43 14
2 44 14
2 45 14
2 46 14
4 47 14
1 47 13
1 47 12
1 47 11
0 47 10
5 48 10
1 48 11
1 48 12
1 48 13
1 48 14
1 48 15
1 48 16
1 48 17
1 48 18
0 48 19
2 25 7
2 26 7
2 27 7
2 28 7
2 29 7
5 30 7
0 30 8
2 7 27
2 8 27
4 9 27
1 9 26
0 9 25
2 47 19
2 46 19
2 45 19
2 44 19
2 43 19
2 42 19
2 41 19
2 40 19
2 39 19
2 38 19
2 37 19
2 36 19
3 35 19
0 35 18
1 17 46
1 17 47
1 17 48
4 17 49
0 16 49
3 0 25
1 0 24
1 0 23
0 0 22
2 7 36
2 6 36
2 5 36
2 4 36
3 3 36
0 3 35
6 5 22
2 6 22
2 7 22
2 8 22
2 9 22
2 10 22
2 11 22
2 12 22
2 13 22
2 14 22
2 15 22
4 16 22
1 16 21
0 16 20
2 17 20
2 18 20
2 19 20
2 20 20
2 21 20
4 22 20
1 22 19
1 22 18
1 22 17
1 22 16
1 22 15
1 22 14
0 22 13
2 23 13
2 24 13
2 25 13
2 26 13
2 27 13
0 28 13
2 29 13
5 30 13
1 30 14
1 30 15
1 30 16
0 30 17
2 9 36
2 10 36
2 11 36
0 12 36
1 48 20
1 48 21
1 48 22
1 48 23
4 48 24
2 47 24
0 46 24
6 19 1
1 19 2
1 19 3
1 19 4
4 19 5
0 18 5
3 1 46
1 1 45
0 1 44
2 23 38
2 24 38
2 25 38
2 26 38
2 27 38
2 28 38
2 29 38
5 30 38
0 30 39
6 15 20
4 15 21
2 14 21
2 13 21
0 12 21
5 10 25
1 10 26
1 10 27
1 10 28
1 10 29
1 10 30
4 10 31
2 9 31
2 8 31
0 7 31
2 9 5
2 8 5
3 7 5
1 7 4
1 7 3
0 7 2
2 18 45
2 19 45
2 20 45
2 21 45
2 22 45
2 23 45
2 24 45
2 25 45
5 26 45
0 26 46
6 11 12
1 11 13
1 11 14
4 11 15
0 10 15
5 38 37
1 38 38
0 38 39
5 12 11
2 11 11
2 10 11
2 9 11
2 8 11
3 7 11
1 7 10
0 7 9
1 30 40
4 30 41
2 29 41
2 28 41
2 27 41
0 26 41
6 32 34
4 32 35
2 31 35
2 30 35
2 29 35
2 28 35
2 27 35
2 26 35
0 25 35
1 10 16
1 10 17
4 10 18
0 9 18
2 31 39
2 32 39
2 33 39
5 34 39
0 34 40
5 31 17
1 31 18
1 31 19
0 31 20
6 6 2
1 6 3
4 6 4
2 5 4
2 4 4
2 3 4
0 2 4
1 1 17
1 1 16
1 1 15
0 1 14
2 13 36
2 14 36
2 15 36
4 16 36
1 16 35
1 16 34
0 16 33
4 26 47
2 25 47
2 24 47
2 23 47
2 22 47
2 21 47
0 20 47
2 9 15
2 8 15
3 7 15
0 7 14
6 21 4
2 22 4
2 23 4
2 24 4
4 25 4
0 25 3
6 16 42
4 16 43
2 15 43
0 14 43
4 31 8
1 31 7
1 31 6
1 31 5
0 31 4
5 3 39
2 2 39
2 1 39
3 0 39
1 0 38
1 0 37
1 0 36
1 0 35
1 0 34
1 0 33
1 0 32
1 0 31
1 0 30
0 0 29
1 47 9
1 47 8
1 47 7
1 47 6
1 47 5
0 47 4
2 46 4
2 45 4
2 44 4
2 43 4
3 42 4
0 42 3
2 2 14
4 3 14
1 3 13
1 3 12
0 3 11
-1
-1
-1
-1
-1
-1
-1
-1
-1
-1
-1
-1
-1
-1
-1
-1
-1
-1
-1
-1
-1
-1
-1
-1
-1
-1
-1
-1
-1
-1
-1
-1
-1
-1
-1
-1
-1
-1
-1
-1
-1
-1
-1
-1
-1
-1
-1
-1
-1
-1
-1
-1
-1
-1
-1
-1
-1
-1
-1
-1
-1
-1
-1
-1
-1
-1
-1
-1
-1
-1
-1
-1
-1
-1
-1
-1
-1
-1
-1
-1
-1
-1
-1
-1
-1
-1
-1
-1
-1
-1
-1
-1
-1
-1
-1
-1
-1
-1
-1
-1
-1
-1
-1
