# yaki_cnt = 296970
# 75
0 25 22
5 28 23
2 27 23
2 26 23
3 25 23
5 35 24
2 34 24
2 33 24
2 32 24
2 31 24
2 30 24
2 29 24
1 35 27
1 35 26
2 37 33
2 36 33
3 35 33
1 35 32
1 35 31
1 35 30
1 35 29
1 35 28
1 35 25
1 40 45
5 40 44
3 39 44
5 39 43
3 38 43
1 38 42
1 38 41
1 38 40
1 38 39
1 38 38
1 38 37
1 38 36
1 38 35
1 38 34
5 38 33
3 28 24
0 40 46
3 14 20
2 15 20
5 16 20
1 16 21
3 16 22
2 17 22
2 18 22
2 19 22
2 20 22
2 21 22
2 22 22
2 23 22
2 24 22
1 11 17
3 11 18
2 12 18
5 13 18
3 13 19
5 14 19
5 11 9
1 11 10
1 11 11
1 11 12
1 11 13
1 11 14
1 11 15
3 8 7
2 9 7
5 10 7
1 10 8
3 10 9
1 11 16
2 5 5
5 6 5
3 6 6
2 7 6
5 8 6
-1
-1
-1
-1
-1
-1
-1
-1
-1
-1
-1
-1
-1
-1
-1
-1
-1
-1
-1
-1
-1
-1
-1
-1
-1
-1
-1
-1
-1
-1
-1
-1
-1
-1
-1
-1
-1
-1
-1
-1
-1
-1
-1
-1
-1
-1
-1
-1
-1
-1
-1
-1
-1
-1
0 4 5
2 43 44
2 42 44
6 41 44
1 41 45
4 41 46
4 48 44
2 47 44
2 46 44
2 45 44
2 44 44
-1
-1
-1
-1
-1
-1
-1
-1
-1
-1
-1
-1
-1
-1
-1
-1
-1
-1
-1
-1
-1
0 48 43
-1
-1
-1
-1
-1
-1
-1
-1
-1
-1
-1
-1
-1
-1
-1
-1
-1
0 8 6
5 45 47
2 44 47
2 43 47
2 42 47
2 41 47
3 40 47
-1
-1
-1
-1
-1
-1
-1
0 45 48
5 48 41
1 48 42
2 45 41
2 46 41
2 47 41
1 44 38
1 44 39
1 44 40
2 42 37
2 43 37
5 44 37
3 44 41
0 41 37
6 33 47
2 34 47
4 35 47
6 35 46
2 36 46
2 37 46
2 38 46
2 39 46
0 33 48
1 4 16
1 4 15
1 4 14
1 4 13
1 4 12
1 4 11
1 4 10
1 4 9
1 4 8
1 4 7
1 4 6
1 4 19
1 4 18
5 14 23
3 13 23
5 13 22
3 12 22
1 12 21
5 12 20
2 11 20
2 10 20
2 9 20
2 8 20
2 7 20
2 6 20
2 5 20
3 4 20
1 4 17
2 18 24
2 17 24
2 16 24
2 15 24
3 14 24
0 19 24
3 29 47
2 30 47
2 31 47
5 32 47
3 32 48
2 19 46
2 20 46
2 21 46
2 22 46
2 23 46
2 24 46
2 25 46
2 26 46
2 27 46
2 28 46
1 6 45
3 6 46
2 7 46
2 8 46
2 9 46
2 10 46
2 11 46
2 12 46
2 13 46
2 14 46
2 15 46
2 16 46
2 17 46
2 18 46
5 29 46
0 6 44
0 28 24
0 11 16
4 3 9
1 3 8
1 3 7
1 3 6
6 3 5
1 2 12
1 2 11
1 2 10
6 2 9
0 2 13
1 8 5
0 8 4
0 14 24
0 38 33
1 5 1
4 5 2
6 4 2
1 4 3
1 4 4
0 5 0
1 30 27
1 30 26
5 30 25
2 29 25
3 28 25
5 34 29
3 33 29
5 33 28
2 32 28
2 31 28
3 30 28
1 37 35
5 37 34
2 36 34
2 35 34
3 34 34
1 34 33
1 34 32
1 34 31
1 34 30
0 37 36
1 37 41
1 37 40
1 37 39
1 37 38
1 37 37
0 37 42
0 14 19
2 31 42
2 32 42
2 33 42
2 34 42
2 35 42
2 36 42
0 30 42
0 29 46
1 6 41
1 6 42
1 6 43
0 6 40
4 3 41
6 3 40
2 4 40
2 5 40
0 2 41
0 44 41
4 29 20
2 28 20
2 27 20
2 26 20
6 25 20
1 25 21
0 29 19
2 33 20
2 32 20
2 31 20
3 30 20
5 30 19
0 34 20
4 39 20
2 38 20
2 37 20
2 36 20
2 35 20
0 39 19
0 4 17
4 14 44
2 13 44
2 12 44
2 11 44
2 10 44
2 9 44
2 8 44
2 7 44
0 14 43
0 18 46
0 35 25
0 35 28
1 30 38
1 30 39
1 30 40
1 30 41
0 30 37
0 34 30
0 30 28
6 6 15
4 6 16
6 5 16
4 5 17
1 7 9
1 7 10
1 7 11
1 7 12
1 7 13
1 7 14
4 7 15
0 7 8
1 30 36
0 30 35
0 44 44
0 4 20
0 10 9
5 28 13
1 28 14
3 28 15
5 29 15
1 29 16
1 29 17
1 29 18
0 27 13
1 27 9
1 27 10
1 27 11
1 27 12
0 27 8
0 26 13
6 4 47
4 5 47
1 5 46
1 5 45
6 5 44
0 4 48
0 26 8
5 23 3
3 23 4
2 24 4
2 25 4
5 26 4
1 26 5
1 26 6
1 26 7
0 22 3
2 19 3
2 20 3
2 21 3
0 18 3
0 47 41
2 8 48
2 7 48
2 6 48
2 5 48
0 9 48
6 13 28
4 14 28
1 14 27
1 14 26
1 14 25
0 13 29
2 3 1
4 4 1
6 4 0
0 2 1
3 10 29
2 11 29
2 12 29
0 10 28
2 15 38
6 14 38
1 14 39
1 14 40
1 14 41
1 14 42
0 16 38
1 7 29
6 7 28
2 8 28
2 9 28
0 7 30
1 39 14
1 39 15
1 39 16
1 39 17
1 39 18
0 39 13
2 37 13
2 38 13
0 36 13
2 28 39
4 29 39
1 29 38
6 29 37
0 27 39
0 2 9
1 36 3
1 36 4
1 36 5
1 36 6
1 36 7
1 36 8
1 36 9
1 36 10
1 36 11
1 36 12
0 36 2
4 39 2
2 38 2
2 37 2
0 39 1
2 44 25
2 43 25
2 42 25
2 41 25
2 40 25
2 39 25
2 38 25
2 37 25
2 36 25
0 45 25
0 45 24
1 24 29
6 24 28
2 25 28
2 26 28
2 27 28
2 28 28
2 29 28
0 24 30
0 36 14
2 13 14
6 12 14
1 12 15
4 12 16
0 14 14
2 19 48
3 18 48
1 18 47
0 20 48
0 7 15
0 44 37
3 15 37
5 16 37
0 15 36
3 31 9
5 31 8
2 30 8
2 29 8
2 28 8
0 32 9
4 46 37
2 45 37
0 46 36
1 6 9
6 6 8
0 6 10
2 42 10
6 41 10
1 41 11
1 41 12
4 41 13
2 40 13
0 43 10
-1
-1
-1
-1
-1
-1
-1
-1
-1
-1
-1
-1
-1
-1
-1
-1
-1
-1
-1
-1
-1
-1
-1
-1
-1
-1
-1
-1
-1
-1
-1
-1
-1
-1
-1
-1
-1
-1
-1
-1
-1
-1
-1
-1
-1
-1
-1
-1
-1
-1
-1
-1
-1
-1
-1
-1
-1
-1
-1
-1
-1
-1
-1
-1
-1
-1
-1
-1
-1
-1
-1
-1
-1
-1
-1
-1
-1
-1
-1
-1
-1
-1
-1
-1
-1
-1
-1
-1
-1
-1
-1
-1
-1
-1
-1
-1
-1
-1
-1
-1
-1
-1
-1
-1
-1
-1
-1
-1
-1
-1
-1
-1
-1
-1
-1
-1
-1
-1
-1
-1
-1
-1
-1
-1
-1
-1
-1
-1
-1
-1
-1
-1
-1
-1
-1
-1
-1
-1
-1
-1
-1
-1
-1
-1
-1
-1
-1
-1
-1
-1
-1
-1
-1
-1
-1
-1
-1
-1
-1
-1
-1
-1
-1
-1
-1
-1
-1
-1
-1
-1
-1
-1
-1
-1
-1
-1
-1
-1
-1
-1
-1
-1
-1
-1
-1
-1
-1
-1
-1
-1
-1
-1
-1
-1
-1
-1
-1
-1
-1
-1
-1
-1
-1
-1
-1
-1
-1
-1
-1
-1
-1
-1
-1
-1
-1
-1
-1
-1
-1
-1
-1
-1
-1
-1
-1
-1
-1
-1
-1
-1
-1
-1
-1
-1
-1
-1
-1
-1
-1
-1
-1
-1
-1
-1
