# start_size = 78
# yaki_cnt = 457210
# end_size = 85
# real_sz = 85
0 2 39
1 2 36
1 2 37
1 2 38
2 3 35
6 2 35
1 4 28
1 4 29
1 4 30
1 4 31
1 4 32
1 4 33
1 4 34
2 7 27
2 6 27
2 5 27
2 12 26
6 11 26
4 11 27
2 10 27
2 9 27
1 13 24
1 13 25
4 13 26
2 8 27
6 4 27
4 4 35
0 13 23
5 17 23
2 16 23
2 15 23
2 14 23
2 23 24
2 22 24
2 21 24
2 20 24
2 19 24
2 18 24
2 28 24
2 27 24
2 26 24
2 25 24
2 24 24
3 17 24
-1
-1
-1
-1
-1
-1
-1
-1
-1
-1
-1
-1
-1
-1
-1
-1
-1
-1
-1
-1
-1
-1
-1
-1
-1
-1
-1
-1
-1
-1
-1
-1
-1
-1
-1
-1
-1
-1
-1
-1
-1
-1
-1
-1
-1
-1
-1
-1
-1
-1
0 29 24
2 31 24
2 30 24
1 32 18
1 32 19
1 32 20
1 32 21
1 32 22
1 32 23
4 32 24
1 32 13
1 32 14
1 32 15
1 32 16
4 35 12
2 34 12
2 33 12
6 32 12
1 32 17
-1
-1
-1
-1
-1
-1
-1
-1
-1
-1
-1
-1
-1
-1
-1
-1
-1
-1
-1
-1
-1
-1
-1
-1
-1
-1
-1
-1
-1
-1
-1
-1
-1
-1
-1
0 35 11
5 10 21
1 10 22
3 10 23
2 11 23
2 12 23
-1
-1
-1
-1
-1
-1
-1
-1
-1
-1
-1
-1
-1
-1
-1
-1
-1
-1
-1
-1
-1
-1
-1
0 9 21
-1
-1
-1
-1
-1
-1
-1
-1
-1
-1
-1
-1
-1
-1
-1
-1
-1
-1
0 32 17
3 5 40
5 5 39
2 4 39
2 3 39
1 6 43
1 6 42
1 6 41
5 6 40
1 6 45
3 7 48
1 7 47
5 7 46
3 6 46
1 6 44
-1
-1
-1
0 8 48
1 36 6
4 36 7
6 35 7
1 35 8
1 35 9
1 35 10
1 36 3
1 36 4
1 36 5
-1
-1
-1
-1
-1
0 36 2
6 22 29
2 23 29
4 24 29
1 24 28
1 24 27
1 24 26
6 24 25
2 25 25
2 26 25
2 27 25
2 28 25
4 29 25
0 22 30
2 36 17
2 35 17
2 34 17
2 33 17
2 42 17
2 41 17
2 40 17
2 39 17
2 38 17
2 37 17
0 43 17
-1
-1
-1
-1
-1
0 4 35
1 16 18
4 16 19
2 15 19
2 14 19
6 13 19
1 13 20
1 13 21
1 13 22
1 16 16
1 17 8
1 17 9
4 17 10
6 16 10
1 16 11
1 16 12
1 16 13
1 16 14
1 16 15
1 16 17
0 17 7
1 43 19
1 43 18
0 43 20
0 6 44
4 22 34
1 22 33
1 22 32
1 22 31
6 21 34
0 21 35
6 17 35
2 18 35
2 19 35
2 20 35
0 17 36
4 47 20
2 46 20
2 45 20
2 44 20
0 47 19
5 9 19
1 9 20
1 8 15
1 8 16
1 8 17
1 8 18
3 8 19
0 8 14
4 19 32
6 19 31
2 20 31
4 21 31
6 21 30
0 18 32
0 4 27
-1
-1
0 36 5
-1
-1
-1
0 17 24
-1
-1
0 37 17
-1
-1
-1
0 32 24
-1
-1
-1
0 24 24
-1
-1
0 18 7
2 9 44
2 8 44
2 7 44
0 10 44
-1
-1
0 16 17
1 37 19
1 37 18
0 37 20
-1
-1
0 8 27
1 37 16
-1
-1
0 37 15
2 35 2
-1
0 34 2
3 1 39
-1
0 1 38
1 17 27
1 17 26
1 17 25
0 17 28
2 30 16
5 31 16
3 31 17
0 29 16
0 13 26
2 26 16
2 27 16
2 28 16
0 25 16
0 6 40
1 25 14
1 25 15
0 25 13
-1
0 8 19
3 22 16
2 23 16
2 24 16
0 22 15
0 21 15
2 5 14
2 6 14
2 7 14
0 4 14
0 32 12
6 8 38
4 8 39
2 7 39
6 6 39
0 9 38
1 32 10
1 32 11
0 32 9
5 13 38
2 12 38
2 11 38
2 10 38
0 13 39
1 48 22
1 48 21
1 48 20
5 48 19
0 48 23
0 6 46
0 16 15
2 15 15
0 14 15
2 4 46
2 5 46
0 3 46
2 14 44
2 13 44
2 12 44
2 11 44
0 15 44
1 19 9
1 19 8
5 19 7
0 19 10
1 2 40
0 2 41
1 19 11
0 19 12
4 48 27
1 48 26
1 48 25
1 48 24
0 47 27
4 45 29
1 45 28
6 45 27
2 46 27
0 44 29
5 18 20
3 17 20
1 17 19
1 17 18
5 17 17
0 18 21
2 9 48
0 10 48
2 40 2
2 39 2
2 38 2
2 37 2
0 41 2
1 11 18
1 11 17
6 11 16
2 12 16
4 13 16
6 13 15
0 11 19
6 19 43
4 19 44
2 18 44
2 17 44
2 16 44
0 20 43
2 26 2
2 27 2
2 28 2
2 29 2
2 30 2
2 31 2
2 32 2
2 33 2
0 25 2
1 47 17
1 47 18
0 47 16
4 48 15
6 47 15
0 48 14
2 3 16
4 4 16
1 4 15
0 2 16
1 25 12
0 25 11
2 40 29
2 41 29
2 42 29
2 43 29
0 39 29
0 21 34
1 39 33
1 39 32
1 39 31
1 39 30
0 39 34
1 40 39
5 40 38
3 39 38
1 39 37
1 39 36
1 39 35
0 40 40
4 36 35
6 36 34
2 37 34
2 38 34
0 35 35
2 39 40
0 38 40
4 24 19
6 24 18
4 25 18
1 25 17
0 23 19
1 13 12
3 13 13
5 14 13
1 14 14
0 13 11
5 4 7
1 4 8
1 4 9
1 4 10
1 4 11
1 4 12
1 4 13
0 3 7
3 15 35
5 16 35
3 16 36
0 15 34
1 36 41
6 36 40
2 37 40
0 36 42
0 2 35
4 6 5
2 5 5
2 4 5
6 3 5
1 3 6
0 6 4
2 34 47
4 35 47
1 35 46
6 35 45
4 36 45
1 36 44
1 36 43
0 33 47
1 13 27
0 13 28
1 4 3
3 4 4
2 5 4
0 4 2
2 32 34
2 33 34
5 34 34
3 34 35
0 31 34
-1
-1
-1
-1
-1
-1
-1
-1
-1
-1
-1
-1
-1
-1
-1
-1
-1
-1
-1
-1
-1
-1
-1
-1
-1
-1
-1
-1
-1
-1
-1
-1
-1
-1
-1
-1
-1
-1
-1
-1
-1
-1
-1
-1
-1
-1
-1
-1
-1
-1
-1
-1
-1
-1
-1
-1
-1
-1
-1
-1
-1
-1
-1
-1
-1
-1
-1
-1
-1
-1
-1
-1
-1
-1
-1
-1
-1
-1
-1
-1
-1
-1
-1
-1
-1
-1
-1
-1
-1
-1
-1
-1
-1
-1
-1
-1
-1
-1
-1
-1
-1
-1
-1
-1
-1
-1
-1
-1
-1
-1
-1
-1
-1
-1
-1
-1
-1
-1
-1
-1
-1
-1
-1
-1
-1
-1
-1
-1
-1
-1
-1
-1
-1
-1
-1
-1
-1
-1
-1
-1
-1
-1
-1
-1
-1
-1
-1
-1
-1
-1
-1
-1
-1
-1
-1
-1
-1
-1
-1
-1
-1
-1
-1
-1
-1
-1
-1
-1
-1
-1
-1
-1
-1
-1
-1
-1
-1
-1
-1
-1
-1
-1
-1
-1
-1
-1
-1
-1
-1
-1
-1
-1
-1
-1
-1
-1
-1
-1
-1
-1
-1
-1
-1
-1
-1
-1
-1
-1
-1
-1
-1
-1
-1
-1
-1
-1
-1
-1
-1
-1
-1
-1
-1
-1
-1
-1
-1
-1
-1
-1
-1
-1
-1
-1
-1
-1
-1
-1
-1
-1
