# yaki_cnt = 38530
# Score = 2158647
0 10 2
1 10 3
1 10 4
1 10 5
1 10 6
5 11 7
3 11 8
5 12 8
3 12 9
2 13 9
3 10 7
2 15 9
2 16 9
2 17 9
1 18 10
1 18 11
1 18 12
1 18 13
1 18 14
1 18 15
5 18 9
1 18 17
1 18 18
1 18 19
1 18 20
1 18 22
1 18 23
1 18 24
1 18 25
1 18 21
2 19 26
2 20 26
2 21 26
2 22 26
2 23 26
1 24 27
1 24 28
2 25 29
3 24 29
5 24 26
3 18 26
1 18 16
2 27 29
2 28 29
2 29 29
2 30 29
2 32 29
2 33 29
2 34 29
2 35 29
2 36 29
2 31 29
2 26 29
2 14 9
0 37 29
2 9 2
6 8 2
4 8 3
2 7 3
2 6 3
2 5 3
2 4 3
2 3 3
6 2 3
-1
-1
-1
-1
-1
-1
-1
-1
-1
-1
-1
-1
-1
-1
0 2 4
1 37 30
1 37 31
1 37 32
1 37 33
1 37 34
1 37 35
1 37 36
1 37 37
2 36 38
2 35 38
2 33 38
2 32 38
2 31 38
2 30 38
2 29 38
2 28 38
1 27 39
1 27 40
1 27 41
6 27 38
1 27 43
1 27 42
2 34 38
4 37 38
-1
-1
-1
-1
-1
-1
-1
-1
-1
-1
-1
-1
-1
-1
-1
-1
0 27 44
4 38 29
6 38 28
2 39 28
4 40 28
6 40 27
2 41 27
2 42 27
-1
-1
-1
-1
-1
-1
-1
-1
-1
-1
-1
0 43 27
5 44 27
1 44 28
3 44 29
5 45 29
1 45 30
1 45 31
1 45 32
1 45 33
1 45 34
1 45 35
1 45 36
1 45 37
5 46 38
1 46 39
1 46 40
1 46 41
3 45 38
0 46 42
2 26 44
2 25 44
2 24 44
2 23 44
2 22 44
2 21 44
1 20 43
3 20 44
5 20 42
-1
-1
-1
0 19 42
1 43 26
1 43 25
1 43 24
1 43 23
1 43 22
1 43 21
1 43 20
1 43 19
1 43 18
1 43 17
1 43 16
1 43 15
1 43 14
1 43 13
1 43 12
1 43 11
1 43 10
1 43 9
1 43 8
6 43 7
0 44 7
-1
0 37 38
1 19 41
1 19 40
1 19 39
1 19 38
1 19 37
1 19 36
1 19 35
1 19 34
0 19 33
1 2 5
1 2 6
1 2 8
1 2 9
1 2 10
1 2 11
1 2 12
1 2 13
4 2 14
2 1 14
1 2 7
0 0 14
1 37 28
6 37 27
4 38 27
1 38 26
1 38 25
1 38 24
1 38 23
2 39 22
4 40 22
6 38 22
0 40 21
0 14 9
5 41 21
1 41 22
0 41 23
2 18 42
2 17 42
2 16 42
2 15 42
2 14 42
2 13 42
2 12 42
2 11 42
2 10 42
3 9 42
5 9 41
2 8 41
0 7 41
0 43 19
5 10 1
2 9 1
2 8 1
0 7 1
2 44 19
2 45 19
5 46 19
1 46 20
1 46 21
1 46 22
3 46 23
0 47 23
1 47 24
1 47 25
1 47 26
0 47 27
4 48 23
1 48 22
1 48 21
1 48 20
1 48 19
1 48 18
1 48 17
1 48 16
0 48 15
0 2 7
0 17 9
5 44 6
2 43 6
2 42 6
2 41 6
0 40 6
1 0 15
3 0 16
5 1 16
3 1 17
0 2 17
0 26 29
4 45 7
1 45 6
5 45 5
3 44 5
1 44 3
1 44 4
0 44 2
0 10 7
1 27 45
0 27 46
1 2 16
6 2 15
4 3 15
6 3 14
0 4 14
0 45 38
1 40 7
1 40 8
1 40 9
1 40 10
2 39 11
2 38 11
4 40 11
0 37 11
0 18 21
0 31 29
1 31 30
0 31 31
0 18 16
1 37 12
1 37 13
0 37 14
3 36 11
5 36 10
3 35 10
5 35 9
0 34 9
0 24 26
0 20 42
0 18 26
2 5 14
2 6 14
0 7 14
0 38 29
2 8 14
2 9 14
2 10 14
0 11 14
0 34 38
0 43 2
4 34 39
0 33 39
1 37 39
1 37 40
1 37 41
3 37 42
0 38 42
0 2 3
2 39 42
0 40 42
0 27 42
0 40 11
0 38 22
0 41 24
2 17 21
2 16 21
2 15 21
0 14 21
0 43 15
0 20 44
0 27 38
2 26 38
0 25 38
0 24 29
1 19 32
0 19 31
2 3 4
0 4 4
0 37 27
0 36 27
2 13 21
2 12 21
0 11 21
3 10 21
5 10 20
0 9 20
2 28 46
2 29 46
2 30 46
0 31 46
0 32 46
2 36 14
2 35 14
1 34 15
1 34 16
6 34 14
0 34 17
0 6 41
0 44 4
2 45 4
5 46 4
3 46 5
0 47 5
3 7 42
5 8 42
0 8 43
1 25 37
1 25 36
0 25 35
1 14 8
1 14 7
1 14 6
1 14 5
0 14 4
4 38 38
1 38 37
6 38 36
4 39 36
0 39 35
1 2 18
1 2 19
1 2 20
1 2 21
1 2 22
1 2 23
1 2 24
1 2 25
0 2 26
1 2 27
1 2 28
0 2 29
6 39 34
4 40 34
6 40 33
4 41 33
0 41 32
2 18 33
0 17 33
1 17 34
1 17 35
1 17 36
1 17 37
0 17 38
6 17 8
2 18 8
2 19 8
2 20 8
2 21 8
2 22 8
0 23 8
1 23 9
1 23 10
1 23 11
1 23 12
0 23 13
4 25 26
1 25 25
0 25 24
4 47 28
6 46 28
1 46 29
1 46 30
1 46 31
1 46 32
0 46 33
6 2 2
0 3 2
5 3 29
3 3 30
5 4 30
3 4 31
2 5 31
0 6 31
1 9 19
1 9 18
0 9 17
2 26 24
2 27 24
2 28 24
0 29 24
2 24 8
4 25 8
1 25 7
1 25 6
1 25 5
0 25 4
3 8 44
5 9 44
3 9 45
2 10 45
2 11 45
0 12 45
1 17 32
1 17 31
5 17 30
0 16 30
0 34 14
3 23 14
5 24 14
1 24 15
3 24 16
0 25 16
1 40 5
5 40 4
2 39 4
2 38 4
0 37 4
1 16 29
1 16 28
5 16 27
2 15 27
0 14 27
1 7 13
1 7 12
0 7 11
5 13 45
3 13 46
5 14 46
1 14 47
0 14 48
-1
-1
-1
-1
-1
-1
-1
-1
-1
-1
-1
-1
-1
-1
-1
-1
-1
-1
-1
-1
-1
-1
-1
-1
-1
-1
-1
-1
-1
-1
-1
-1
-1
-1
-1
-1
-1
-1
-1
-1
-1
-1
-1
-1
-1
-1
-1
-1
-1
-1
-1
-1
-1
-1
-1
-1
-1
-1
-1
-1
-1
-1
-1
-1
-1
-1
-1
-1
-1
-1
-1
-1
-1
-1
-1
-1
-1
-1
-1
-1
-1
-1
-1
-1
-1
-1
-1
-1
-1
-1
-1
-1
-1
-1
-1
-1
-1
-1
-1
-1
-1
-1
-1
-1
-1
-1
-1
-1
-1
-1
-1
-1
-1
-1
-1
-1
-1
-1
-1
-1
-1
-1
-1
-1
-1
-1
-1
-1
-1
-1
-1
-1
-1
-1
-1
-1
-1
-1
-1
-1
-1
-1
-1
-1
-1
-1
-1
-1
-1
-1
-1
-1
-1
-1
-1
-1
-1
-1
-1
-1
-1
-1
-1
-1
-1
-1
-1
-1
-1
-1
-1
-1
-1
-1
-1
-1
-1
-1
-1
-1
-1
-1
-1
-1
-1
-1
-1
-1
-1
-1
-1
-1
-1
-1
-1
-1
-1
-1
-1
-1
-1
-1
-1
-1
-1
-1
-1
-1
-1
-1
-1
-1
-1
-1
-1
-1
-1
-1
-1
-1
-1
-1
-1
-1
-1
-1
-1
-1
-1
-1
-1
-1
-1
-1
-1
-1
-1
-1
-1
-1
-1
-1
-1
-1
-1
-1
-1
-1
-1
-1
-1
-1
-1
-1
-1
-1
-1
-1
-1
-1
-1
-1
-1
-1
-1
-1
-1
-1
-1
-1
-1
-1
-1
-1
-1
-1
-1
-1
-1
-1
-1
-1
-1
-1
-1
-1
-1
-1
-1
-1
-1
-1
-1
-1
-1
-1
-1
-1
-1
