0 7 27
1 7 25
1 7 26
1 10 22
1 10 23
4 10 24
2 9 24
2 8 24
6 7 24
1 19 18
1 19 19
1 19 20
4 19 21
2 18 21
2 17 21
2 16 21
2 15 21
2 14 21
2 13 21
2 12 21
2 11 21
6 10 21
0 19 17
2 3 45
2 4 45
-1
-1
2 5 45
-1
-1
-1
2 6 45
-1
-1
-1
4 7 45
-1
-1
-1
1 7 44
-1
-1
-1
1 7 43
-1
-1
-1
-1
1 7 42
-1
-1
-1
1 7 41
-1
-1
-1
1 7 40
-1
-1
-1
1 7 39
-1
-1
-1
1 7 38
-1
-1
-1
1 7 37
-1
-1
-1
-1
1 7 36
-1
-1
-1
1 7 35
-1
-1
-1
1 7 34
-1
-1
-1
1 7 33
-1
-1
-1
1 7 32
-1
-1
-1
1 7 31
-1
-1
-1
-1
1 7 30
-1
-1
-1
1 7 29
-1
-1
-1
1 7 28
-1
-1
-1
-1
-1
-1
-1
-1
-1
-1
-1
-1
-1
-1
-1
-1
-1
-1
-1
-1
-1
-1
-1
-1
-1
-1
-1
-1
-1
-1
-1
-1
-1
-1
-1
-1
-1
-1
-1
-1
-1
-1
-1
-1
-1
-1
-1
-1
-1
-1
-1
-1
-1
-1
-1
-1
-1
-1
-1
-1
-1
-1
-1
-1
-1
-1
-1
-1
-1
-1
-1
-1
-1
-1
-1
-1
-1
-1
-1
-1
-1
-1
-1
-1
-1
-1
-1
-1
-1
-1
-1
-1
-1
-1
-1
-1
-1
-1
-1
-1
-1
-1
-1
-1
-1
-1
-1
-1
-1
-1
-1
-1
-1
-1
-1
-1
-1
-1
-1
-1
-1
-1
-1
-1
-1
-1
-1
-1
-1
-1
-1
-1
-1
-1
-1
-1
-1
-1
-1
-1
-1
-1
-1
-1
-1
-1
-1
-1
-1
-1
-1
-1
-1
-1
-1
-1
-1
-1
-1
-1
-1
-1
-1
-1
-1
-1
-1
-1
-1
-1
-1
-1
-1
-1
-1
-1
-1
-1
-1
-1
-1
-1
-1
-1
-1
-1
-1
-1
-1
-1
-1
-1
-1
-1
-1
-1
-1
-1
-1
-1
-1
-1
-1
-1
-1
-1
-1
0 2 45
-1
2 32 27
2 31 27
-1
2 30 27
2 29 27
2 28 27
-1
2 27 27
2 26 27
-1
2 25 27
2 24 27
2 23 27
-1
2 22 27
2 21 27
3 20 27
-1
1 20 26
1 20 25
-1
1 20 24
1 20 23
1 20 22
-1
1 20 21
1 20 20
-1
1 20 19
1 20 18
5 20 17
-1
-1
-1
-1
-1
-1
-1
-1
-1
-1
-1
-1
-1
-1
-1
-1
-1
-1
-1
-1
-1
-1
-1
-1
-1
-1
-1
-1
-1
-1
-1
-1
-1
-1
-1
-1
-1
-1
-1
-1
-1
-1
-1
-1
-1
-1
-1
-1
-1
-1
-1
-1
-1
-1
-1
-1
-1
-1
-1
-1
-1
-1
-1
-1
-1
-1
-1
-1
-1
0 33 27
2 18 7
5 19 7
1 19 8
1 19 9
1 19 10
1 19 11
1 19 12
1 19 13
1 19 14
1 19 15
1 19 16
-1
-1
-1
-1
-1
-1
-1
-1
-1
-1
-1
-1
-1
-1
-1
-1
-1
-1
-1
-1
-1
-1
-1
-1
-1
-1
-1
-1
-1
0 17 7
2 39 40
2 38 40
2 37 40
2 36 40
2 35 40
2 34 40
3 33 40
1 33 39
1 33 38
1 33 37
1 33 36
1 33 35
1 33 34
1 33 33
1 33 32
1 33 31
1 33 30
1 33 29
1 33 28
-1
-1
-1
-1
-1
-1
-1
-1
-1
-1
-1
0 40 40
-1
-1
-1
-1
-1
-1
-1
-1
-1
-1
-1
-1
-1
-1
-1
-1
-1
0 10 21
4 33 6
2 32 6
2 31 6
2 30 6
2 29 6
2 28 6
2 27 6
2 26 6
2 25 6
2 24 6
2 23 6
2 22 6
2 21 6
2 20 6
2 19 6
2 18 6
6 17 6
-1
-1
-1
-1
-1
-1
0 33 5
1 48 39
4 48 40
2 47 40
2 46 40
2 45 40
2 44 40
2 43 40
2 42 40
2 41 40
-1
-1
-1
-1
-1
-1
-1
-1
0 48 38
1 18 4
4 18 5
2 17 5
6 16 5
1 16 6
3 16 7
-1
-1
-1
-1
-1
-1
-1
-1
0 18 3
-1
-1
-1
-1
-1
-1
-1
-1
-1
-1
0 7 24
2 13 8
2 14 8
2 15 8
2 16 8
4 17 8
-1
-1
-1
-1
-1
-1
0 12 8
2 15 30
2 14 30
2 13 30
2 12 30
2 11 30
2 10 30
2 9 30
3 8 30
1 8 29
1 8 28
5 8 27
0 16 30
1 48 19
1 48 20
1 48 21
1 48 22
1 48 23
1 48 24
1 48 25
1 48 26
1 48 27
1 48 28
1 48 29
1 48 30
1 48 31
1 48 32
1 48 33
1 48 34
1 48 35
1 48 36
1 48 37
4 49 18
6 48 18
0 49 17
-1
0 48 18
1 36 24
1 36 25
1 36 26
4 36 27
2 35 27
2 34 27
-1
-1
0 36 23
-1
-1
-1
-1
-1
-1
-1
-1
-1
-1
-1
-1
-1
-1
-1
-1
-1
-1
-1
-1
-1
-1
-1
-1
-1
-1
-1
-1
-1
-1
-1
-1
-1
-1
-1
-1
-1
-1
-1
-1
-1
-1
-1
-1
-1
-1
-1
-1
-1
-1
-1
-1
-1
-1
-1
-1
-1
-1
-1
-1
-1
-1
-1
-1
-1
-1
-1
-1
-1
-1
-1
-1
-1
-1
-1
-1
-1
-1
-1
-1
-1
-1
-1
-1
-1
-1
-1
-1
-1
-1
-1
-1
-1
-1
-1
-1
-1
-1
-1
-1
-1
-1
-1
-1
-1
-1
-1
-1
-1
-1
-1
-1
-1
-1
-1
-1
-1
-1
-1
-1
-1
-1
-1
-1
-1
-1
-1
-1
-1
-1
-1
-1
-1
-1
-1
-1
-1
-1
-1
-1
-1
-1
-1
-1
-1
-1
-1
-1
-1
-1
-1
-1
-1
-1
-1
-1
-1
-1
-1
-1
-1
-1
-1
-1
-1
-1
-1
-1
