# cancel = 999
0 34 25
2 37 27
2 36 27
2 35 27
3 34 27
1 34 26
0 38 27
1 38 25
1 38 26
1 38 16
1 38 17
1 38 18
-1
-1
1 38 19
-1
-1
-1
-1
-1
-1
-1
1 38 20
-1
-1
-1
-1
-1
-1
-1
1 38 21
-1
-1
-1
-1
-1
-1
1 38 22
-1
-1
-1
-1
-1
-1
-1
1 38 23
-1
-1
-1
-1
-1
-1
-1
4 41 15
-1
-1
-1
-1
-1
-1
2 40 15
-1
-1
-1
-1
-1
-1
-1
2 39 15
-1
-1
-1
-1
-1
-1
-1
6 38 15
-1
-1
-1
-1
-1
-1
1 38 24
-1
-1
-1
-1
-1
-1
-1
6 41 14
-1
-1
-1
-1
-1
-1
-1
-1
-1
-1
-1
-1
-1
-1
-1
-1
-1
-1
-1
-1
-1
-1
-1
-1
-1
-1
-1
-1
-1
-1
-1
-1
-1
-1
-1
-1
-1
-1
-1
-1
-1
-1
-1
-1
-1
-1
-1
-1
-1
-1
-1
-1
-1
-1
-1
-1
-1
-1
-1
-1
-1
-1
-1
-1
-1
-1
-1
-1
-1
-1
-1
-1
-1
-1
-1
-1
-1
-1
-1
-1
-1
-1
-1
-1
-1
-1
-1
-1
-1
-1
-1
-1
-1
-1
-1
-1
-1
-1
-1
-1
-1
-1
-1
-1
-1
-1
-1
-1
-1
-1
-1
-1
-1
-1
-1
-1
-1
-1
-1
-1
-1
-1
-1
-1
-1
-1
-1
-1
-1
-1
-1
-1
-1
-1
-1
-1
-1
-1
-1
-1
-1
-1
-1
-1
-1
-1
-1
-1
-1
-1
-1
-1
-1
-1
-1
-1
-1
-1
-1
-1
-1
-1
-1
-1
-1
-1
-1
-1
-1
-1
-1
-1
-1
-1
-1
-1
-1
-1
-1
-1
-1
-1
-1
-1
-1
-1
-1
-1
-1
-1
-1
-1
-1
-1
-1
-1
-1
-1
-1
-1
-1
-1
-1
-1
-1
-1
-1
-1
-1
-1
-1
-1
-1
-1
-1
-1
-1
-1
-1
-1
-1
-1
-1
-1
-1
-1
-1
-1
-1
-1
-1
-1
-1
-1
-1
-1
-1
-1
-1
-1
-1
-1
-1
-1
-1
-1
-1
-1
-1
-1
-1
-1
-1
-1
-1
-1
-1
-1
-1
-1
-1
-1
-1
-1
-1
-1
-1
-1
-1
-1
-1
-1
-1
-1
-1
-1
-1
-1
-1
-1
-1
-1
-1
-1
-1
-1
-1
-1
-1
-1
-1
-1
-1
-1
-1
-1
-1
-1
-1
-1
-1
-1
-1
-1
-1
-1
-1
-1
-1
-1
-1
-1
-1
-1
-1
-1
-1
-1
-1
-1
-1
-1
-1
-1
-1
-1
-1
-1
-1
-1
-1
-1
-1
-1
-1
-1
-1
-1
-1
-1
-1
-1
-1
-1
-1
-1
-1
-1
-1
-1
-1
-1
-1
-1
-1
-1
-1
-1
-1
-1
-1
-1
-1
-1
-1
-1
-1
-1
-1
-1
-1
-1
-1
-1
-1
-1
-1
-1
-1
-1
-1
-1
-1
-1
0 42 14
-1
-1
-1
-1
-1
-1
-1
-1
-1
-1
-1
-1
-1
-1
-1
-1
-1
-1
-1
-1
-1
-1
-1
-1
-1
-1
-1
-1
-1
-1
-1
-1
-1
-1
-1
-1
-1
-1
-1
-1
-1
-1
-1
-1
-1
-1
0 38 28
-1
-1
-1
-1
-1
-1
-1
-1
-1
-1
-1
-1
-1
-1
-1
-1
-1
-1
-1
-1
-1
-1
-1
-1
-1
-1
-1
-1
-1
-1
-1
-1
-1
0 34 24
-1
-1
-1
-1
-1
-1
-1
-1
-1
-1
-1
-1
-1
-1
-1
-1
-1
-1
-1
-1
-1
-1
-1
-1
-1
-1
-1
0 41 14
2 40 11
5 41 11
1 41 12
1 41 13
-1
-1
-1
-1
-1
-1
-1
-1
-1
-1
-1
-1
-1
-1
-1
-1
-1
-1
-1
-1
0 39 11
2 43 28
2 42 28
2 41 28
2 40 28
2 39 28
-1
-1
-1
-1
-1
-1
-1
-1
-1
-1
-1
-1
-1
0 44 28
2 46 31
3 45 31
1 45 30
1 45 29
5 45 28
-1
-1
-1
-1
-1
-1
-1
-1
-1
-1
0 47 31
1 47 41
1 47 40
1 47 39
1 47 38
1 47 37
1 47 36
1 47 35
1 47 34
1 47 33
1 47 32
1 47 42
-1
0 47 43
2 48 46
3 47 46
1 47 45
1 47 44
-1
-1
-1
0 49 46
4 44 30
1 44 29
-1
-1
-1
-1
0 43 30
2 37 12
2 38 12
4 39 12
-1
-1
0 36 12
-1
-1
-1
-1
0 42 30
5 48 31
-1
-1
0 48 32
2 15 14
2 16 14
2 17 14
2 18 14
2 19 14
2 20 14
2 21 14
2 22 14
2 23 14
2 24 14
2 25 14
2 26 14
2 27 14
2 28 14
2 29 14
2 30 14
2 31 14
2 32 14
2 33 14
2 34 14
2 35 14
4 36 14
1 36 13
0 14 14
4 46 46
1 46 45
1 46 44
6 46 43
0 45 46
0 45 28
1 45 13
4 45 14
2 44 14
2 43 14
0 45 12
2 10 16
2 11 16
2 12 16
2 13 16
4 14 16
1 14 15
0 9 16
2 5 16
2 6 16
2 7 16
2 8 16
0 4 16
0 47 42
2 8 13
5 9 13
1 9 14
1 9 15
0 7 13
1 45 27
0 45 26
2 10 19
3 9 19
1 9 18
1 9 17
0 11 19
0 38 24
2 40 10
6 39 10
0 41 10
1 11 25
1 11 24
1 11 23
1 11 22
1 11 21
1 11 20
0 11 26
-1
-1
-1
-1
-1
-1
-1
-1
-1
-1
-1
-1
-1
-1
-1
-1
-1
-1
-1
-1
-1
-1
-1
-1
-1
-1
-1
-1
-1
-1
-1
-1
-1
-1
-1
-1
-1
-1
-1
-1
