# money = 166552
# income = 534
2 45 31
2 44 31
2 43 31
2 42 31
2 41 31
2 40 31
2 39 31
2 38 31
2 37 31
2 36 31
2 35 31
2 34 31
2 33 31
2 32 31
2 31 31
2 30 31
2 29 31
2 28 31
2 27 31
2 26 31
2 25 31
2 24 31
2 23 31
2 22 31
2 21 31
2 20 31
2 19 31
2 18 31
2 17 31
2 16 31
2 15 31
2 14 31
2 13 31
2 12 31
2 11 31
2 10 31
2 9 31
2 8 31
2 7 31
2 6 31
2 5 31
2 4 31
2 3 31
3 2 31
1 2 30
1 2 29
1 2 28
1 2 27
1 2 26
1 2 25
1 2 24
1 2 23
1 2 22
1 2 21
1 2 20
1 2 19
1 2 18
1 2 17
1 2 16
1 2 15
1 2 14
0 2 13
0 46 31
-1
-1
-1
-1
-1
-1
-1
-1
-1
-1
-1
-1
-1
-1
-1
-1
-1
-1
-1
-1
-1
-1
-1
-1
-1
-1
-1
-1
-1
-1
-1
-1
-1
-1
-1
-1
-1
-1
-1
-1
-1
-1
-1
-1
-1
-1
-1
-1
-1
-1
-1
-1
-1
-1
-1
-1
-1
-1
-1
-1
-1
-1
-1
-1
-1
-1
-1
-1
-1
-1
-1
-1
-1
-1
-1
-1
-1
-1
-1
-1
-1
-1
-1
-1
-1
-1
-1
-1
-1
-1
-1
-1
-1
-1
-1
-1
-1
-1
-1
-1
5 46 30
3 45 30
1 45 29
1 45 28
1 45 27
1 45 26
1 45 25
1 45 24
1 45 23
1 45 22
1 45 21
1 45 20
1 45 19
1 45 18
1 45 17
0 45 16
-1
-1
-1
-1
-1
-1
-1
-1
-1
-1
-1
-1
-1
-1
-1
-1
-1
-1
-1
-1
-1
-1
-1
-1
-1
-1
-1
-1
-1
-1
-1
-1
-1
-1
-1
-1
-1
-1
-1
-1
-1
-1
-1
-1
-1
-1
-1
-1
-1
-1
-1
-1
2 3 13
2 4 13
2 5 13
2 6 13
2 7 13
4 8 13
1 8 12
1 8 11
1 8 10
1 8 9
1 8 8
1 8 7
1 8 6
1 8 5
1 8 4
1 8 3
1 8 2
1 8 1
0 8 0
-1
-1
-1
-1
-1
-1
-1
-1
-1
-1
-1
-1
-1
-1
-1
-1
-1
-1
-1
-1
2 9 0
2 10 0
5 11 0
0 11 1
-1
-1
-1
-1
-1
-1
-1
-1
-1
-1
-1
-1
-1
-1
-1
-1
-1
-1
-1
-1
-1
-1
-1
-1
-1
-1
2 12 1
2 13 1
2 14 1
2 15 1
4 16 1
0 16 0
-1
-1
-1
-1
-1
-1
-1
-1
-1
-1
-1
-1
-1
-1
-1
-1
-1
-1
-1
-1
-1
2 17 0
2 18 0
2 19 0
5 20 0
1 20 1
1 20 2
1 20 3
1 20 4
1 20 5
0 20 6
-1
-1
-1
-1
-1
-1
-1
-1
-1
-1
-1
-1
-1
-1
2 21 6
5 22 6
1 22 7
1 22 8
1 22 9
1 22 10
1 22 11
1 22 12
1 22 13
1 22 14
1 22 15
1 22 16
0 22 17
-1
-1
-1
-1
-1
-1
-1
-1
4 46 16
1 46 15
1 46 14
1 46 13
1 46 12
1 46 11
0 46 10
-1
-1
-1
-1
-1
-1
-1
-1
-1
-1
-1
-1
-1
1 22 18
1 22 19
1 22 20
1 22 21
1 22 22
1 22 23
1 22 24
4 22 25
2 21 25
2 20 25
0 19 25
-1
-1
-1
-1
-1
-1
-1
-1
-1
2 23 17
2 24 17
2 25 17
2 26 17
2 27 17
2 28 17
2 29 17
4 30 17
1 30 16
1 30 15
1 30 14
1 30 13
1 30 12
1 30 11
1 30 10
1 30 9
0 30 8
-1
-1
-1
-1
1 46 32
1 46 33
1 46 34
1 46 35
1 46 36
1 46 37
1 46 38
1 46 39
1 46 40
1 46 41
1 46 42
1 46 43
1 46 44
1 46 45
1 46 46
4 46 47
2 45 47
2 44 47
2 43 47
2 42 47
2 41 47
2 40 47
2 39 47
0 38 47
2 37 47
2 36 47
2 35 47
2 34 47
2 33 47
2 32 47
2 31 47
2 30 47
2 29 47
2 28 47
2 27 47
3 26 47
1 26 46
1 26 45
1 26 44
1 26 43
0 26 42
4 27 42
1 27 41
1 27 40
1 27 39
0 27 38
6 44 16
4 44 17
0 43 17
-1
-1
-1
-1
-1
-1
-1
2 28 38
5 29 38
0 29 39
-1
-1
-1
-1
-1
-1
-1
-1
-1
-1
-1
-1
-1
-1
-1
-1
-1
-1
-1
-1
-1
-1
-1
-1
-1
-1
-1
-1
-1
-1
-1
-1
-1
-1
-1
-1
-1
-1
-1
-1
-1
-1
-1
-1
-1
-1
-1
-1
-1
-1
-1
-1
-1
-1
-1
-1
-1
-1
-1
-1
-1
-1
-1
-1
-1
-1
-1
-1
-1
-1
-1
-1
-1
-1
-1
-1
-1
-1
-1
-1
-1
-1
-1
-1
-1
-1
-1
-1
-1
-1
-1
-1
-1
-1
-1
-1
-1
-1
-1
-1
-1
-1
-1
-1
-1
-1
-1
-1
-1
-1
-1
-1
-1
-1
-1
-1
-1
-1
-1
-1
-1
-1
-1
-1
-1
-1
-1
-1
-1
-1
-1
-1
-1
-1
-1
-1
-1
-1
-1
-1
-1
-1
-1
-1
-1
-1
-1
-1
-1
-1
-1
-1
-1
-1
-1
-1
-1
-1
-1
-1
-1
-1
-1
-1
-1
-1
-1
-1
-1
-1
-1
-1
-1
-1
-1
-1
-1
-1
-1
-1
-1
-1
-1
-1
-1
-1
-1
-1
-1
-1
-1
-1
-1
-1
-1
-1
-1
-1
-1
-1
-1
-1
-1
-1
-1
-1
-1
-1
-1
-1
-1
-1
-1
-1
-1
-1
-1
-1
-1
-1
-1
-1
-1
-1
-1
-1
-1
-1
-1
-1
-1
-1
-1
-1
-1
-1
-1
-1
-1
-1
-1
-1
-1
-1
-1
-1
-1
-1
-1
-1
-1
-1
-1
-1
-1
-1
-1
-1
-1
-1
-1
-1
-1
-1
-1
-1
-1
-1
-1
-1
-1
-1
-1
-1
-1
-1
-1
-1
-1
-1
-1
-1
-1
-1
-1
-1
-1
-1
-1
-1
-1
-1
-1
-1
-1
-1
-1
-1
-1
-1
-1
-1
-1
-1
-1
-1
-1
-1
