# start_size = 156
# yaki_cnt = 15700
# end_size = 221
0 39 39
1 39 29
1 39 30
1 39 31
1 39 32
1 39 33
1 39 34
1 39 35
1 39 36
1 39 37
1 39 38
1 40 24
1 40 25
1 40 26
4 40 27
6 39 27
1 39 28
0 40 23
3 31 22
2 32 22
2 33 22
2 34 22
2 35 22
2 36 22
2 37 22
2 38 22
2 39 22
1 28 20
3 28 21
2 29 21
2 30 21
5 31 21
5 25 18
3 25 19
2 26 19
2 27 19
5 28 19
2 22 18
2 23 18
2 24 18
2 19 17
2 20 17
5 21 17
3 21 18
2 15 17
2 16 17
2 17 17
2 18 17
1 14 16
3 14 17
2 12 15
2 13 15
5 14 15
2 10 15
2 11 15
2 7 15
2 8 15
2 9 15
3 5 12
5 6 12
1 6 13
1 6 14
3 6 15
5 40 22
0 5 11
3 41 26
1 41 25
1 41 24
5 41 23
1 42 27
5 42 26
-1
-1
-1
0 42 28
2 3 9
5 4 9
3 4 10
5 5 10
3 2 9
0 2 8
-1
-1
-1
0 40 22
1 4 13
1 4 12
6 4 11
0 4 14
-1
0 6 15
2 41 41
3 40 41
1 40 40
5 40 39
0 42 41
0 9 15
-1
-1
0 42 26
-1
0 11 15
-1
0 14 15
-1
0 14 17
6 38 23
2 39 23
2 37 24
4 38 24
0 36 24
1 38 38
3 38 39
0 38 37
1 11 13
1 11 14
0 11 12
1 38 36
0 38 35
4 6 19
1 6 18
1 6 17
1 6 16
0 5 19
0 18 17
2 44 26
2 43 26
0 45 26
5 42 35
1 42 36
1 42 37
1 42 38
1 42 39
1 42 40
0 41 35
1 43 39
1 43 40
4 43 41
0 43 38
0 2 9
2 4 19
0 3 19
1 2 6
1 2 7
0 2 5
1 15 14
4 15 15
0 15 13
1 36 26
1 36 25
0 36 27
2 35 24
0 34 24
0 1 5
2 32 24
2 33 24
0 31 24
0 21 18
0 24 18
2 4 5
2 3 5
0 5 5
0 28 19
2 37 37
0 36 37
0 1 9
0 39 28
0 44 38
0 5 6
2 16 13
2 20 12
6 19 12
4 19 13
2 18 13
2 17 13
0 21 12
1 5 7
0 5 8
1 37 34
3 37 35
0 37 33
0 31 21
0 37 32
1 11 11
0 11 10
1 39 41
1 39 40
0 39 42
1 11 7
1 11 8
1 11 9
0 11 6
3 28 23
2 29 23
2 30 23
5 31 23
0 28 22
3 20 9
5 21 9
1 21 10
1 21 11
0 20 8
1 42 30
1 42 29
0 42 31
0 11 5
1 34 39
1 34 38
6 34 37
2 35 37
0 34 40
1 31 25
0 31 26
1 40 19
1 40 20
1 40 21
0 40 18
2 29 26
2 30 26
0 28 26
1 31 18
1 31 19
1 31 20
0 31 17
1 45 27
0 45 28
0 38 42
1 21 21
1 21 20
1 21 19
0 21 22
1 1 11
1 1 10
0 1 12
0 32 17
2 7 11
2 6 11
0 8 11
0 45 25
1 11 4
0 11 3
4 21 25
1 21 24
1 21 23
0 20 25
5 31 13
1 31 14
1 31 15
1 31 16
0 30 13
2 42 18
2 41 18
0 43 18
3 9 3
2 10 3
0 9 2
1 46 29
5 46 28
0 46 30
1 43 19
0 43 20
1 20 4
1 20 5
1 20 6
1 20 7
0 20 3
2 8 2
0 7 2
6 30 40
2 31 40
2 32 40
2 33 40
0 30 41
1 30 10
1 30 11
1 30 12
0 30 9
6 24 16
1 24 17
0 25 16
1 9 17
1 9 16
0 9 18
1 9 19
5 11 20
2 10 20
3 9 20
0 11 21
1 11 23
1 11 22
0 11 24
2 32 9
2 31 9
0 33 9
1 16 19
5 16 18
2 15 18
3 14 18
0 16 20
0 38 24
2 12 6
0 13 6
2 21 8
0 22 8
2 47 25
2 46 25
0 48 25
5 30 7
1 30 8
0 29 7
0 8 10
1 48 24
0 48 23
2 2 19
0 1 19
3 31 28
1 31 27
0 32 28
0 17 13
0 1 18
1 48 22
0 48 21
1 20 27
1 20 26
0 20 28
1 43 16
1 43 17
0 43 15
2 27 7
2 28 7
0 26 7
2 22 12
2 23 12
0 24 12
2 47 30
0 48 30
2 18 28
2 19 28
0 17 28
2 7 24
2 8 24
2 9 24
2 10 24
0 6 24
3 12 25
5 12 24
0 13 25
1 43 11
1 43 12
1 43 13
1 43 14
0 43 10
1 43 7
1 43 8
1 43 9
0 43 6
1 43 5
0 43 4
6 12 9
4 12 10
0 13 9
0 42 42
2 15 9
2 14 9
0 16 9
2 44 42
2 43 42
0 45 42
2 42 10
0 41 10
1 24 19
0 24 20
2 44 10
0 45 10
0 46 42
2 28 41
2 29 41
0 27 41
0 27 40
1 34 42
1 34 41
0 34 43
1 6 26
1 6 25
0 6 27
1 6 30
1 6 29
1 6 28
0 6 31
0 34 9
4 28 30
1 28 29
1 28 28
1 28 27
0 27 30
5 34 17
2 33 17
0 34 18
2 14 25
0 15 25
6 33 15
4 33 16
6 32 16
0 34 15
2 35 15
0 36 15
2 5 24
0 4 24
1 34 11
1 34 10
0 34 12
2 8 31
2 7 31
0 9 31
0 6 23
1 20 29
0 20 30
2 40 4
2 41 4
2 42 4
0 39 4
2 12 21
0 13 21
2 25 12
0 26 12
0 37 31
1 6 32
0 6 33
1 33 8
0 33 7
2 4 33
2 5 33
0 3 33
1 39 2
1 39 3
0 39 1
1 27 31
0 27 32
1 24 21
0 24 22
0 25 22
2 45 15
2 44 15
0 46 15
1 21 14
1 21 13
0 21 15
2 15 6
2 14 6
0 16 6
2 29 32
2 28 32
0 30 32
0 44 20
3 32 30
1 32 29
0 33 30
3 21 4
5 21 3
0 22 4
2 8 14
5 9 14
0 7 14
2 10 6
0 9 6
6 32 36
2 33 36
2 34 36
2 35 36
5 36 36
0 32 37
4 39 19
6 39 18
0 38 19
5 47 42
0 47 43
0 9 20
3 3 36
1 3 35
1 3 34
0 4 36
2 27 26
0 26 26
1 1 17
0 1 16
0 44 4
1 16 3
1 16 4
1 16 5
0 16 2
0 41 11
1 30 43
1 30 42
0 30 44
2 39 11
2 40 11
0 38 11
0 23 12
0 17 6
6 37 19
0 37 20
2 20 22
0 19 22
1 4 25
0 4 26
2 32 35
6 31 35
1 31 36
3 31 37
0 33 35
4 20 34
1 20 33
1 20 32
1 20 31
0 19 34
0 46 16
0 38 41
1 33 6
0 33 5
1 43 3
0 43 2
2 22 28
2 21 28
0 23 28
3 9 34
1 9 33
1 9 32
2 10 34
0 11 34
3 47 47
1 47 46
1 47 45
1 47 44
0 48 47
0 47 15
4 45 36
6 44 36
1 44 37
0 45 35
6 37 44
4 38 44
1 38 43
0 37 45
1 11 25
0 11 26
1 26 4
1 26 5
1 26 6
0 26 3
6 46 8
4 46 9
6 45 9
0 47 8
1 13 28
1 13 27
1 13 26
0 13 29
6 47 1
4 47 2
2 46 2
2 45 2
2 44 2
0 48 1
1 40 16
1 40 17
0 40 15
1 5 40
1 5 39
1 5 38
5 5 37
3 4 37
0 5 41
1 27 34
1 27 33
0 27 35
1 26 8
0 26 9
1 39 6
1 39 5
0 39 7
3 30 47
1 30 46
1 30 45
0 31 47
0 7 23
1 44 21
0 44 22
2 2 24
2 3 24
0 1 24
0 34 30
5 6 1
3 6 2
0 5 1
0 19 23
0 34 14
1 32 4
3 32 5
0 32 3
2 8 41
2 7 41
2 6 41
0 9 41
2 24 40
2 25 40
2 26 40
0 23 40
3 42 47
1 42 46
1 42 45
1 42 44
1 42 43
0 43 47
0 10 34
6 16 34
2 17 34
2 18 34
0 16 35
1 42 32
0 42 33
2 17 38
3 16 38
1 16 37
1 16 36
0 18 38
0 2 7
3 37 4
2 38 4
0 37 3
1 22 2
1 22 3
0 22 1
1 48 32
1 48 31
0 48 33
1 15 33
1 15 34
3 15 35
0 15 32
1 48 35
1 48 34
0 48 36
1 23 27
0 23 26
3 15 2
0 15 1
5 32 1
1 32 2
0 31 1
6 7 25
1 7 26
4 7 27
0 8 25
6 0 27
4 1 27
1 1 26
1 1 25
0 0 28
2 31 38
4 32 38
0 30 38
2 17 43
4 18 43
1 18 42
1 18 41
1 18 40
1 18 39
0 16 43
0 5 7
4 2 36
1 2 35
1 2 34
6 2 33
0 1 36
2 27 16
2 26 16
0 28 16
1 37 48
1 37 47
1 37 46
0 37 49
0 24 28
-1
-1
-1
-1
-1
-1
-1
-1
-1
-1
-1
-1
-1
-1
-1
-1
-1
-1
-1
-1
-1
-1
-1
-1
-1
-1
-1
-1
-1
-1
-1
-1
-1
-1
-1
-1
-1
-1
-1
-1
-1
-1
-1
-1
-1
-1
-1
-1
-1
-1
-1
-1
-1
-1
-1
-1
-1
-1
-1
-1
-1
-1
-1
-1
-1
-1
-1
-1
-1
-1
-1
-1
-1
-1
-1
-1
-1
-1
-1
-1
-1
-1
-1
-1
-1
-1
-1
-1
-1
-1
-1
-1
-1
-1
-1
-1
-1
-1
-1
-1
-1
-1
-1
-1
-1
-1
-1
-1
-1
-1
-1
-1
-1
-1
-1
-1
-1
-1
