0 17 14
2 29 15
2 28 15
2 27 15
2 26 15
2 25 15
2 24 15
2 23 15
2 22 15
2 21 15
2 20 15
2 19 15
2 18 15
3 17 15
0 30 15
2 34 19
2 33 19
2 32 19
2 31 19
3 30 19
1 30 18
1 30 17
1 30 16
2 36 30
3 35 30
1 35 29
-1
-1
1 35 28
-1
-1
1 35 27
-1
-1
-1
1 35 26
-1
-1
1 35 25
-1
-1
1 35 24
-1
-1
1 35 23
-1
-1
1 35 22
-1
-1
1 35 21
-1
-1
1 35 20
-1
-1
5 35 19
-1
-1
-1
-1
-1
-1
-1
-1
-1
-1
-1
-1
-1
-1
-1
-1
-1
-1
-1
-1
-1
-1
-1
-1
-1
-1
-1
-1
-1
-1
-1
-1
-1
-1
-1
-1
-1
-1
-1
-1
-1
-1
-1
-1
-1
-1
-1
-1
-1
-1
-1
-1
-1
-1
-1
-1
-1
-1
-1
-1
-1
-1
-1
-1
-1
-1
-1
-1
-1
-1
-1
-1
-1
-1
-1
-1
-1
-1
-1
-1
-1
-1
-1
-1
-1
-1
-1
-1
-1
-1
-1
-1
-1
-1
-1
-1
-1
-1
-1
-1
-1
-1
-1
-1
-1
-1
-1
-1
-1
-1
-1
-1
-1
-1
-1
-1
-1
-1
-1
-1
-1
-1
-1
-1
-1
-1
-1
-1
-1
-1
-1
-1
-1
-1
-1
-1
-1
-1
-1
-1
-1
-1
-1
-1
-1
-1
-1
-1
-1
-1
-1
-1
-1
-1
-1
-1
0 37 30
2 39 33
2 38 33
-1
3 37 33
1 37 32
1 37 31
-1
-1
-1
-1
-1
-1
-1
-1
-1
-1
-1
-1
-1
-1
-1
-1
-1
-1
-1
-1
-1
-1
-1
-1
-1
-1
-1
-1
-1
-1
-1
-1
-1
-1
-1
-1
-1
-1
-1
-1
-1
-1
-1
-1
-1
-1
-1
-1
-1
-1
-1
-1
-1
-1
0 40 33
1 17 9
-1
1 17 10
1 17 11
1 17 12
1 17 13
-1
-1
-1
-1
-1
-1
-1
-1
-1
-1
-1
-1
-1
-1
-1
-1
-1
-1
-1
-1
-1
-1
-1
-1
-1
-1
-1
-1
-1
-1
-1
-1
-1
-1
-1
-1
-1
-1
-1
-1
-1
-1
-1
-1
-1
-1
-1
-1
-1
-1
-1
-1
-1
-1
0 17 8
2 13 17
2 14 17
2 15 17
4 16 17
1 16 16
1 16 15
6 16 14
-1
-1
-1
-1
-1
-1
-1
-1
-1
-1
-1
-1
-1
-1
-1
-1
-1
-1
-1
-1
-1
-1
-1
0 12 17
1 12 14
1 12 15
1 12 16
2 11 12
5 12 12
1 12 13
-1
-1
-1
-1
-1
-1
-1
-1
-1
-1
-1
-1
-1
-1
-1
0 10 12
2 5 9
2 6 9
2 7 9
2 8 9
2 9 9
5 10 9
1 10 10
1 10 11
5 4 4
1 4 5
1 4 6
1 4 7
1 4 8
3 4 9
-1
-1
-1
-1
-1
-1
0 3 4
1 34 13
1 34 14
4 34 15
2 33 15
2 32 15
2 31 15
-1
-1
-1
-1
-1
-1
-1
-1
0 34 12
1 12 36
1 12 35
1 12 34
1 12 33
1 12 32
1 12 31
1 12 30
1 12 29
1 12 28
1 12 27
1 12 26
1 12 25
1 12 24
1 12 23
1 12 22
1 12 21
1 12 20
1 12 19
1 12 18
0 12 37
2 36 15
3 35 15
1 35 14
1 35 13
5 35 12
2 37 15
2 40 17
2 39 17
3 38 17
1 38 16
5 38 15
0 41 17
2 15 8
2 16 8
-1
-1
-1
-1
0 14 8
3 40 40
1 40 39
1 40 38
1 40 37
1 40 36
1 40 35
1 40 34
-1
0 41 40
1 13 22
1 13 23
1 13 24
1 13 25
1 13 26
1 13 27
1 13 28
1 13 29
1 13 30
1 13 31
1 13 32
1 13 33
1 13 34
1 13 35
1 13 36
4 13 37
0 13 21
2 23 8
2 22 8
2 21 8
2 20 8
2 19 8
2 18 8
2 25 8
2 24 8
0 26 8
2 4 17
2 5 17
2 6 17
2 7 17
2 8 17
2 9 17
2 10 17
2 11 17
0 3 17
1 45 12
1 45 13
1 45 14
1 45 15
1 45 16
4 45 17
2 44 17
2 43 17
2 42 17
0 45 11
2 35 33
5 36 33
3 36 34
2 37 34
2 38 34
5 39 34
1 39 35
1 39 36
1 39 37
1 39 38
1 39 39
1 39 40
3 39 41
2 40 41
4 41 41
0 34 33
1 18 18
1 18 19
1 18 20
4 18 21
2 17 21
2 16 21
2 15 21
2 14 21
0 18 17
2 7 21
2 6 21
2 5 21
2 4 21
3 3 21
1 3 20
1 3 19
1 3 18
0 8 21
1 34 6
1 34 7
1 34 8
1 34 9
1 34 10
1 34 11
0 34 5
2 14 38
2 13 38
3 12 38
0 15 38
0 38 15
0 24 8
2 42 30
2 41 30
2 40 30
2 39 30
2 38 30
0 43 30
2 22 2
2 23 2
5 24 2
1 24 3
1 24 4
1 24 5
1 24 6
1 24 7
0 21 2
0 35 19
1 38 28
4 38 29
6 37 29
0 38 27
0 12 13
1 34 41
1 34 40
1 34 39
1 34 38
1 34 37
1 34 36
1 34 35
1 34 34
0 34 42
2 27 42
2 28 42
2 29 42
2 30 42
2 31 42
2 32 42
2 33 42
0 26 42
2 2 15
5 3 15
1 3 16
0 1 15
1 26 10
1 26 9
0 26 11
2 37 6
2 36 6
3 35 6
5 35 5
0 38 6
1 1 27
1 1 26
1 1 25
1 1 24
1 1 23
1 1 22
1 1 21
1 1 20
1 1 19
1 1 18
1 1 17
1 1 16
0 1 28
4 49 40
2 48 40
2 47 40
2 46 40
2 45 40
2 44 40
2 43 40
2 42 40
0 49 39
1 0 25
1 0 26
1 0 27
3 0 28
0 0 24
5 34 29
1 34 30
1 34 31
1 34 32
0 33 29
0 4 9
2 21 17
2 20 17
2 19 17
0 22 17
2 35 47
3 34 47
1 34 46
1 34 45
1 34 44
1 34 43
0 36 47
2 24 19
2 23 19
3 22 19
1 22 18
0 25 19
0 2 4
-1
-1
-1
-1
-1
-1
-1
-1
-1
-1
-1
-1
-1
-1
-1
-1
-1
-1
-1
-1
-1
-1
-1
-1
-1
-1
-1
-1
-1
-1
-1
-1
-1
-1
-1
-1
-1
-1
-1
-1
-1
-1
-1
-1
-1
-1
-1
-1
-1
-1
-1
-1
-1
-1
-1
-1
-1
-1
-1
-1
-1
-1
-1
-1
-1
-1
-1
-1
-1
-1
-1
-1
-1
-1
-1
-1
-1
-1
-1
-1
-1
-1
-1
-1
-1
-1
-1
-1
-1
-1
-1
-1
-1
-1
-1
-1
-1
-1
-1
-1
-1
-1
-1
-1
-1
-1
-1
-1
-1
-1
-1
-1
-1
-1
-1
-1
-1
-1
-1
-1
-1
-1
-1
-1
-1
-1
-1
-1
-1
-1
-1
-1
-1
-1
-1
