# yaki_cnt = 12160
0 20 22
2 21 22
4 22 22
6 22 21
4 23 21
1 23 20
1 23 18
1 23 17
1 23 16
6 23 15
1 23 19
0 24 15
3 20 23
-1
2 21 23
-1
-1
2 22 23
-1
-1
2 23 23
-1
2 24 23
-1
-1
2 26 24
-1
-1
5 27 24
-1
-1
3 27 25
-1
-1
5 28 25
-1
-1
3 25 24
-1
-1
2 29 26
-1
2 30 26
-1
-1
2 31 26
-1
-1
1 32 27
-1
-1
1 32 28
-1
-1
1 32 29
-1
-1
1 32 30
-1
-1
5 32 26
-1
3 32 32
-1
-1
2 33 32
-1
-1
1 34 33
-1
-1
5 34 32
-1
-1
1 32 31
-1
-1
3 28 26
-1
-1
5 25 23
-1
2 35 34
-1
-1
2 36 34
-1
-1
2 38 34
-1
-1
2 37 34
-1
-1
2 40 34
-1
-1
2 41 34
-1
-1
2 42 34
-1
2 39 34
-1
-1
3 34 34
-1
-1
-1
-1
-1
-1
-1
-1
-1
-1
-1
-1
-1
-1
-1
-1
-1
-1
-1
-1
-1
-1
-1
-1
-1
-1
-1
-1
-1
-1
-1
-1
-1
-1
-1
-1
-1
-1
-1
-1
-1
-1
-1
-1
-1
-1
-1
-1
-1
-1
-1
-1
-1
-1
-1
-1
-1
-1
-1
-1
-1
-1
-1
-1
-1
-1
-1
-1
-1
-1
-1
-1
-1
-1
-1
-1
-1
-1
-1
-1
-1
-1
-1
-1
-1
-1
-1
-1
-1
-1
-1
-1
-1
-1
-1
-1
-1
-1
-1
-1
-1
-1
-1
-1
-1
-1
-1
-1
-1
-1
-1
-1
-1
-1
-1
-1
-1
-1
-1
-1
-1
-1
-1
-1
-1
-1
-1
-1
-1
-1
-1
-1
-1
-1
-1
-1
-1
-1
-1
-1
-1
-1
0 43 34
1 20 21
5 20 20
1 19 19
5 19 18
3 18 18
5 18 17
2 16 17
2 15 17
2 13 17
2 12 17
2 11 17
2 10 17
2 9 17
2 8 17
2 7 17
2 6 17
2 14 17
2 17 17
2 4 17
2 3 17
2 5 17
3 19 20
-1
-1
-1
-1
-1
-1
-1
-1
-1
-1
-1
-1
-1
-1
-1
-1
-1
0 2 17
-1
-1
-1
-1
-1
-1
-1
-1
-1
-1
-1
-1
-1
-1
-1
-1
-1
-1
0 34 34
-1
-1
-1
-1
-1
-1
-1
-1
-1
-1
-1
0 25 23
6 19 22
1 19 23
4 19 24
4 18 25
2 17 25
2 16 25
2 15 25
2 14 25
6 12 25
1 12 26
1 12 27
1 12 28
1 12 29
1 12 30
1 12 31
1 12 32
1 12 33
1 12 34
1 12 35
1 12 36
1 12 37
1 12 38
1 12 39
1 12 40
1 12 41
1 12 42
2 13 25
6 18 24
0 12 43
0 19 20
2 44 34
2 46 34
2 45 34
0 47 34
2 26 23
4 27 23
6 27 22
2 28 22
-1
0 29 22
3 11 43
5 11 42
2 10 42
2 9 42
2 8 42
0 7 42
2 6 42
6 5 42
1 5 43
1 5 44
1 5 46
1 5 47
1 5 45
0 5 48
0 23 19
1 34 35
1 34 36
1 34 37
1 34 39
1 34 38
0 34 40
0 39 34
1 34 41
1 34 42
3 34 43
0 35 43
6 7 40
2 8 40
2 9 40
4 10 40
6 10 39
1 7 41
0 11 39
0 28 26
0 22 23
2 35 40
2 36 40
0 37 40
0 12 33
0 37 34
2 24 19
2 25 19
0 26 19
0 13 25
0 45 34
5 13 24
2 12 24
6 11 24
0 11 25
6 37 39
2 38 39
0 39 39
0 18 17
0 32 31
0 13 17
0 29 21
0 9 42
0 5 45
0 34 38
2 19 17
0 20 17
2 33 40
2 32 40
0 31 40
1 43 33
1 43 32
0 43 31
0 43 30
1 37 33
1 37 32
0 37 31
0 43 29
0 25 24
0 7 41
0 35 44
0 48 34
0 18 25
2 6 41
2 5 41
0 4 41
1 4 40
1 4 39
0 4 38
1 4 37
0 4 36
0 5 38
0 15 17
1 48 33
1 48 32
0 48 31
1 48 30
1 48 29
0 48 28
1 48 27
1 48 26
0 48 25
1 22 24
1 22 25
0 22 26
1 37 35
0 37 36
2 3 38
2 2 38
0 1 38
1 24 14
1 24 13
0 24 12
2 23 12
2 22 12
0 21 12
1 21 11
0 21 10
0 12 29
6 29 20
2 30 20
2 31 20
0 32 20
1 32 19
1 32 18
1 32 17
0 32 16
0 33 16
0 32 26
2 40 39
0 41 39
2 31 16
0 30 16
0 29 16
0 42 29
0 30 40
2 33 34
2 32 34
2 31 34
0 30 34
0 30 35
0 5 17
1 5 16
1 5 15
0 5 14
1 41 40
1 41 41
0 41 42
1 41 43
1 41 44
0 41 45
0 17 25
1 41 46
0 41 47
0 5 13
2 33 20
0 34 20
0 13 24
0 11 38
1 22 27
0 22 28
0 23 28
1 2 18
0 2 19
0 2 20
1 2 16
5 2 15
0 1 15
0 29 40
2 28 40
0 27 40
0 26 40
2 34 44
2 33 44
0 32 44
0 9 17
0 9 18
0 41 34
0 5 12
2 42 47
2 43 47
2 44 47
0 45 47
0 45 48
1 13 16
1 13 15
1 13 14
0 13 13
0 14 13
2 10 25
0 9 25
0 26 41
2 25 41
2 24 41
2 23 41
2 22 41
0 21 41
2 33 26
0 34 26
0 23 29
1 23 30
1 23 31
0 23 32
0 20 41
2 19 41
2 18 41
0 17 41
2 24 29
0 25 29
0 16 41
1 45 46
1 45 45
0 45 44
1 45 35
1 45 36
0 45 37
0 23 33
0 12 31
2 8 25
0 7 25
0 23 34
1 9 19
0 9 20
0 37 30
1 33 15
1 33 14
0 33 13
2 34 13
2 35 13
0 36 13
2 37 13
2 38 13
0 39 13
1 39 12
1 39 11
0 39 10
1 39 9
1 39 8
1 39 7
1 39 6
0 39 5
1 39 4
6 39 3
0 40 3
2 26 29
5 27 29
0 27 30
2 41 3
2 42 3
2 43 3
0 44 3
0 45 3
2 40 10
2 41 10
2 42 10
0 43 10
1 13 12
1 13 11
0 13 10
2 12 10
0 11 10
1 11 9
1 11 8
0 11 7
2 25 12
2 26 12
0 27 12
2 4 45
2 3 45
2 2 45
0 1 45
1 27 11
1 27 10
1 27 9
0 27 8
1 42 28
0 42 27
0 20 10
1 35 45
0 35 46
1 12 44
1 12 45
0 12 46
5 13 46
0 13 47
0 14 47
2 15 47
2 16 47
0 17 47
2 18 47
2 19 47
0 20 47
0 6 25
1 45 38
0 45 39
2 46 39
2 47 39
0 48 39
2 11 31
2 10 31
0 9 31
4 46 3
1 46 2
0 46 1
6 34 25
2 35 25
2 36 25
2 37 25
0 38 25
0 30 36
1 26 42
1 26 43
3 26 44
5 27 44
0 27 45
6 26 45
1 26 46
1 26 47
0 26 48
3 43 11
5 44 11
1 44 12
0 44 13
1 35 47
0 35 48
4 39 25
1 39 24
0 39 23
4 6 48
0 6 47
2 27 48
2 28 48
0 29 48
1 11 6
1 11 5
1 11 4
1 11 3
0 11 2
2 10 2
2 9 2
2 8 2
6 7 2
0 7 3
4 44 10
1 44 9
0 44 8
2 45 8
2 46 8
2 47 8
0 48 8
1 20 40
5 20 39
3 19 39
0 19 38
4 35 20
6 35 19
2 36 19
2 37 19
0 38 19
2 22 33
2 21 33
2 20 33
0 19 33
1 48 24
1 48 23
1 48 22
1 48 21
1 48 20
0 48 19
1 19 32
1 19 31
0 19 30
6 47 19
4 47 20
2 46 20
6 45 20
0 45 21
2 44 21
0 43 21
1 26 39
1 26 38
1 26 37
0 26 36
1 33 12
1 33 11
1 33 10
1 33 9
1 33 8
0 33 7
4 12 7
6 12 6
2 13 6
2 14 6
2 15 6
0 16 6
5 40 2
2 39 2
2 38 2
2 37 2
2 36 2
0 35 2
-1
-1
-1
-1
-1
-1
-1
-1
-1
-1
-1
-1
-1
-1
-1
-1
-1
-1
-1
-1
-1
-1
-1
-1
-1
-1
-1
-1
-1
-1
-1
-1
-1
-1
-1
-1
-1
-1
-1
-1
-1
-1
-1
-1
-1
