0 33 28
1 37 27
4 37 28
2 36 28
2 35 28
2 34 28
1 37 17
1 37 18
1 37 19
1 37 20
1 37 21
1 37 22
1 37 23
1 37 24
1 37 25
1 37 16
1 38 7
1 38 8
1 38 9
1 38 10
1 38 11
1 38 12
1 38 13
1 38 14
4 38 15
6 37 15
1 37 26
0 38 6
1 41 5
4 41 6
2 40 6
2 39 6
1 41 4
-1
-1
-1
-1
-1
-1
-1
-1
-1
-1
-1
-1
-1
-1
-1
-1
-1
-1
-1
-1
-1
-1
-1
-1
-1
-1
-1
-1
-1
-1
-1
-1
-1
-1
-1
-1
-1
-1
-1
-1
-1
-1
-1
-1
-1
-1
-1
-1
-1
-1
-1
-1
-1
-1
-1
-1
-1
-1
-1
-1
-1
-1
-1
-1
-1
-1
-1
-1
-1
-1
-1
-1
-1
-1
-1
-1
-1
-1
-1
-1
-1
-1
-1
-1
-1
-1
-1
0 41 3
2 29 28
2 30 28
2 31 28
2 32 28
1 28 27
-1
2 21 24
2 22 24
2 23 24
2 24 24
2 25 24
2 26 24
2 27 24
5 28 24
1 28 25
1 28 26
3 28 28
-1
-1
-1
-1
-1
-1
-1
-1
-1
-1
-1
-1
-1
-1
-1
-1
-1
-1
-1
-1
-1
-1
-1
-1
-1
-1
-1
-1
-1
-1
-1
-1
-1
-1
-1
-1
-1
-1
-1
-1
-1
-1
-1
-1
-1
-1
-1
-1
-1
-1
-1
-1
-1
-1
0 20 24
4 42 8
1 42 7
1 42 6
1 42 5
1 42 4
5 42 3
-1
-1
-1
-1
-1
-1
-1
-1
-1
-1
-1
-1
-1
-1
-1
-1
-1
-1
-1
-1
-1
-1
-1
-1
-1
0 41 8
1 20 39
1 20 38
1 20 37
1 20 36
1 20 35
1 20 34
1 20 33
1 20 32
1 20 31
1 20 30
1 20 29
1 20 28
1 20 27
1 20 26
1 20 25
4 20 44
1 20 43
1 20 42
1 20 41
1 20 40
-1
-1
-1
-1
-1
-1
-1
-1
0 19 44
-1
-1
-1
-1
-1
-1
-1
-1
-1
-1
-1
-1
-1
-1
-1
-1
0 37 26
1 21 9
1 21 10
1 21 11
1 21 12
1 21 13
1 21 14
1 21 15
1 21 16
1 21 17
1 21 18
1 21 19
1 21 20
1 21 21
1 21 22
4 21 23
6 20 23
-1
0 21 8
1 21 43
1 21 44
4 21 45
2 20 45
3 19 45
1 23 38
1 23 39
1 23 40
1 23 41
4 23 42
2 22 42
6 21 42
-1
-1
0 23 37
1 41 12
1 41 11
1 41 10
1 41 9
-1
-1
-1
-1
-1
-1
0 41 13
2 16 24
2 17 24
2 18 24
2 19 24
2 12 19
2 13 19
2 14 19
5 15 19
1 15 20
1 15 21
1 15 22
1 15 23
3 15 24
2 7 19
2 8 19
2 9 19
2 10 19
2 11 19
0 6 19
1 22 20
1 22 19
1 22 18
1 22 17
1 22 16
1 22 15
1 22 14
1 22 13
1 22 12
1 22 11
1 22 10
1 22 9
5 22 8
0 22 21
2 17 46
4 18 46
1 18 45
6 18 44
0 16 46
0 20 40
2 37 6
2 35 10
4 36 10
1 36 9
1 36 8
1 36 7
6 36 6
2 33 10
2 34 10
0 32 10
5 32 8
1 32 9
0 31 8
1 23 10
1 23 9
1 23 8
5 23 7
2 22 7
6 21 7
0 23 11
2 34 32
3 33 32
1 33 31
1 33 30
1 33 29
0 35 32
0 28 28
4 16 49
1 16 48
1 16 47
-1
0 15 49
-1
-1
-1
0 11 19
-1
-1
-1
0 37 15
2 13 27
2 12 27
3 11 27
1 11 26
1 11 25
1 11 24
1 11 23
1 11 22
1 11 21
1 11 20
2 17 27
2 16 27
2 15 27
2 14 27
0 18 27
0 31 7
0 14 27
0 15 24
-1
0 34 10
-1
-1
0 21 42
5 31 3
1 31 4
1 31 5
1 31 6
0 30 3
-1
0 36 6
2 44 15
2 43 15
2 42 15
3 41 15
1 41 14
0 45 15
0 41 4
4 47 15
2 46 15
0 47 14
-1
0 28 26
2 25 39
3 24 39
1 24 38
5 24 37
0 26 39
-1
-1
-1
-1
-1
-1
-1
-1
-1
-1
-1
-1
-1
-1
-1
-1
-1
-1
-1
-1
-1
-1
-1
-1
-1
-1
-1
-1
-1
-1
-1
-1
-1
-1
-1
-1
-1
-1
-1
-1
-1
-1
-1
-1
-1
-1
-1
-1
-1
-1
-1
-1
-1
-1
-1
-1
-1
-1
-1
-1
-1
-1
-1
-1
-1
-1
-1
-1
-1
-1
-1
-1
-1
-1
-1
-1
-1
-1
-1
-1
-1
-1
-1
-1
-1
-1
-1
-1
-1
-1
-1
-1
-1
-1
-1
-1
-1
-1
-1
-1
-1
-1
-1
-1
-1
-1
-1
-1
-1
-1
-1
-1
-1
-1
-1
-1
-1
-1
-1
-1
-1
-1
-1
-1
-1
-1
-1
-1
-1
-1
-1
-1
-1
-1
-1
-1
-1
-1
-1
-1
-1
-1
-1
-1
-1
-1
-1
-1
-1
-1
-1
-1
-1
-1
-1
-1
-1
-1
-1
-1
-1
-1
-1
-1
-1
-1
-1
-1
-1
-1
-1
-1
-1
-1
-1
-1
-1
-1
-1
-1
-1
-1
-1
-1
-1
-1
-1
-1
-1
-1
-1
-1
-1
-1
-1
-1
-1
-1
-1
-1
-1
-1
-1
-1
-1
-1
-1
-1
-1
-1
-1
-1
-1
-1
-1
-1
-1
-1
-1
-1
-1
-1
-1
-1
-1
-1
-1
-1
-1
-1
-1
-1
-1
-1
-1
-1
-1
-1
-1
-1
-1
-1
-1
-1
-1
-1
-1
-1
-1
-1
-1
-1
-1
-1
-1
-1
-1
-1
-1
-1
-1
-1
-1
-1
-1
-1
-1
-1
-1
-1
-1
-1
-1
-1
-1
-1
-1
-1
-1
-1
-1
-1
-1
-1
-1
-1
-1
-1
-1
-1
-1
-1
-1
-1
-1
-1
-1
-1
-1
-1
-1
-1
-1
-1
-1
-1
-1
-1
-1
-1
-1
-1
-1
-1
-1
-1
-1
-1
-1
-1
-1
-1
-1
-1
-1
-1
-1
-1
-1
-1
-1
-1
-1
-1
-1
-1
-1
-1
-1
-1
-1
-1
-1
-1
-1
-1
-1
-1
-1
-1
-1
-1
-1
-1
-1
-1
-1
-1
-1
