# cancel = 703
0 7 9
2 8 9
1 9 10
2 16 11
2 15 11
2 14 11
2 13 11
2 12 11
2 11 11
2 19 11
2 18 11
2 17 11
2 10 11
2 20 11
3 21 14
1 21 13
1 21 12
5 21 11
1 22 16
1 22 15
5 22 14
2 25 17
2 24 17
2 23 17
3 22 17
3 9 11
5 9 9
1 26 18
5 26 17
0 26 19
1 7 6
1 7 7
1 7 8
-1
-1
-1
-1
-1
-1
-1
-1
-1
-1
-1
-1
-1
-1
-1
-1
-1
-1
0 7 5
-1
-1
-1
-1
-1
-1
-1
-1
-1
-1
-1
-1
-1
-1
-1
0 26 17
2 25 19
2 23 19
2 24 19
-1
-1
-1
-1
-1
-1
-1
-1
0 22 19
3 26 20
5 27 20
-1
-1
-1
-1
-1
-1
-1
0 27 21
-1
-1
-1
-1
-1
-1
-1
0 9 9
2 30 22
2 29 22
2 28 22
3 27 22
1 31 24
1 31 23
1 31 25
1 31 29
1 31 28
1 31 27
1 31 33
1 31 32
1 31 31
1 31 30
1 31 26
1 31 36
1 31 35
1 31 34
5 31 22
1 31 39
1 31 38
1 31 42
1 31 41
1 31 40
1 31 37
0 31 43
0 31 37
2 30 43
0 29 43
1 9 8
0 9 7
0 31 22
2 5 5
2 6 5
0 4 5
-1
0 4 4
2 32 43
0 33 43
2 21 19
2 16 19
2 17 19
2 18 19
2 19 19
2 20 19
2 13 19
2 14 19
2 15 19
0 12 19
1 29 45
1 29 44
2 27 46
2 28 46
4 29 46
0 26 46
1 10 4
4 10 5
2 9 5
2 8 5
0 10 3
0 31 40
2 3 5
1 2 7
1 2 6
6 2 5
0 2 8
2 33 40
2 32 40
0 34 40
0 31 44
0 9 11
2 28 36
2 29 36
5 30 36
3 30 37
0 27 36
1 32 21
4 32 22
0 32 20
1 4 2
1 4 3
0 4 1
3 26 23
1 26 22
6 26 21
0 27 23
0 25 46
1 25 45
1 25 42
1 25 43
1 25 44
0 25 41
2 11 3
2 14 3
2 13 3
2 12 3
0 15 3
0 31 34
2 34 44
3 33 44
0 35 44
0 12 3
2 37 40
2 36 40
2 35 40
1 38 39
4 38 40
0 38 38
0 38 40
2 17 3
2 16 3
0 18 3
0 18 2
2 29 40
2 30 40
0 28 40
1 38 36
1 38 37
1 38 33
1 38 34
1 38 31
1 38 32
1 38 35
1 38 28
1 38 29
1 38 30
0 38 27
0 38 30
2 3 1
0 2 1
0 6 9
1 27 16
1 27 14
1 27 15
4 27 17
0 27 13
0 38 35
1 7 11
1 7 10
1 7 13
1 7 12
0 7 14
0 39 35
0 31 26
4 39 27
1 39 25
1 39 26
0 39 24
1 39 22
1 39 23
1 39 18
1 39 19
1 39 20
1 39 21
0 39 17
2 40 17
0 41 17
0 39 21
0 22 18
0 31 30
0 7 12
0 18 4
0 37 35
2 5 1
0 6 1
0 32 19
0 24 19
0 32 18
0 32 17
0 37 27
0 2 5
2 38 21
0 37 21
2 40 21
0 41 21
0 27 17
2 25 36
2 26 36
0 24 36
0 2 9
0 2 10
1 2 11
0 2 12
0 15 19
2 37 30
0 36 30
2 36 35
0 35 35
0 29 46
2 29 13
2 28 13
0 30 13
0 10 7
0 1 5
0 20 19
0 18 1
0 35 45
2 11 7
0 12 7
0 12 8
0 24 35
0 39 16
1 24 34
0 24 33
0 30 46
0 0 5
1 24 32
0 24 31
0 24 41
0 23 41
1 35 46
0 35 47
0 35 48
0 32 16
0 35 40
0 1 12
2 23 46
2 24 46
0 22 46
0 7 15
2 19 46
2 20 46
2 21 46
0 18 46
2 15 46
2 16 46
2 17 46
0 14 46
2 13 46
0 12 46
1 12 45
0 12 44
2 10 44
2 11 44
0 9 44
1 9 43
5 9 42
0 8 42
2 6 41
2 7 41
5 8 41
0 5 41
1 5 40
0 5 39
0 5 38
1 5 36
1 5 37
5 5 35
0 4 35
0 5 35
0 15 2
0 30 12
0 30 11
0 14 2
2 43 38
2 42 38
2 41 38
2 40 38
2 39 38
0 44 38
3 44 39
5 45 39
0 45 40
0 44 37
0 7 1
2 26 24
3 25 24
4 27 24
0 25 23
0 45 39
1 19 5
5 19 4
0 19 6
2 43 21
2 42 21
0 44 21
0 44 22
2 46 21
2 45 21
0 47 21
1 47 19
1 47 20
0 47 18
0 47 17
1 9 45
2 8 46
4 9 46
0 7 46
0 6 46
1 45 35
1 45 36
4 45 37
0 45 34
0 7 0
2 3 42
2 4 42
4 5 42
0 2 42
1 2 43
0 2 44
0 22 17
0 2 45
0 22 14
0 23 14
0 25 44
1 23 12
1 23 13
0 23 11
0 21 11
2 7 38
2 6 38
0 8 38
0 9 38
2 10 38
0 11 38
0 12 38
0 35 30
2 22 31
2 23 31
0 21 31
2 19 31
2 20 31
0 18 31
0 18 30
1 18 33
1 18 32
0 18 34
2 17 34
0 16 34
0 15 34
0 14 34
0 14 33
0 14 32
0 3 12
0 18 35
1 21 29
1 21 30
0 21 28
1 21 27
0 21 26
0 19 7
0 24 11
0 20 11
0 34 48
1 15 20
0 15 21
0 15 22
0 27 15
0 30 30
1 6 48
1 6 47
0 6 49
0 24 10
2 40 30
2 39 30
0 41 30
0 41 29
2 34 11
2 33 11
2 32 11
2 31 11
0 35 11
0 35 12
0 13 8
0 19 4
2 12 32
2 13 32
1 11 31
3 11 32
0 11 30
0 11 29
1 11 28
0 11 27
2 9 29
2 10 29
0 8 29
0 10 11
0 20 20
0 39 26
0 12 27
2 7 30
4 8 30
0 6 30
0 41 18
0 6 35
0 17 11
0 14 47
0 40 35
0 1 42
0 38 32
2 9 19
2 10 19
2 11 19
0 8 19
1 12 26
0 12 25
0 18 36
0 27 24
1 18 38
1 18 37
0 18 39
1 17 12
2 15 13
2 16 13
4 17 13
0 14 13
0 21 25
0 5 9
0 45 37
0 11 37
2 42 29
0 43 29
1 12 18
0 12 17
0 12 39
1 38 41
0 38 42
2 39 42
0 40 42
0 40 43
4 7 35
0 7 34
2 46 14
5 47 14
1 47 15
1 47 16
0 45 14
0 5 30
0 28 17
2 19 25
2 20 25
0 18 25
0 4 38
0 3 38
0 18 45
1 18 44
0 18 43
0 36 21
0 33 18
0 30 10
1 30 8
1 30 9
0 30 7
0 11 32
1 30 6
0 30 5
2 31 5
1 32 4
4 32 5
0 32 3
0 15 35
0 32 5
2 12 29
0 13 29
1 3 13
0 3 14
1 18 47
0 18 48
0 30 47
0 12 4
0 32 2
2 21 3
2 20 3
2 19 3
0 22 3
0 44 23
2 23 3
0 24 3
3 24 5
1 24 4
0 25 5
1 47 24
1 47 23
1 47 22
0 47 25
2 38 11
2 37 11
2 36 11
0 39 11
0 40 11
0 7 49
0 11 17
3 8 22
1 8 21
1 8 20
0 9 22
2 3 30
2 4 30
0 2 30
0 1 30
0 0 30
1 20 13
1 20 12
0 20 14
0 27 35
0 30 26
0 10 27
1 15 18
0 15 17
2 23 36
0 22 36
0 22 47
1 1 13
0 1 14
3 45 42
1 45 41
0 46 42
2 41 35
0 42 35
0 18 6
0 10 12
0 13 25
0 15 4
1 26 47
0 26 48
0 33 16
0 25 24
0 27 20
1 12 47
0 12 48
0 10 2
0 24 30
0 0 4
0 9 46
0 37 20
0 22 37
0 3 35
0 41 11
0 47 16
0 43 28
0 24 9
0 19 43
1 46 44
1 46 43
0 46 45
0 20 21
0 20 22
2 14 27
2 13 27
0 15 27
1 47 12
4 47 13
2 46 13
6 45 13
0 47 11
1 5 27
1 5 28
1 5 29
0 5 26
0 6 26
0 7 16
0 20 7
0 21 22
2 31 1
5 32 1
0 30 1
0 31 13
0 2 43
2 36 48
0 37 48
4 46 46
0 45 46
1 12 2
0 12 1
1 1 19
1 1 18
1 1 17
1 1 16
1 1 15
0 1 20
0 0 20
0 9 42
0 12 40
2 35 6
2 34 6
2 33 6
3 32 6
0 36 6
0 25 40
0 44 46
2 2 35
0 1 35
3 12 41
0 13 41
0 17 13
1 5 24
1 5 25
0 5 23
0 25 31
0 31 25
0 2 20
0 40 10
2 1 47
4 2 47
1 2 46
0 0 47
0 33 17
0 15 16
0 24 8
2 43 46
0 42 46
1 45 33
0 45 32
1 43 5
4 43 6
2 42 6
2 41 6
2 40 6
2 39 6
2 38 6
2 37 6
0 43 4
0 11 36
5 44 4
0 44 5
1 43 2
1 43 3
0 43 1
-1
-1
-1
-1
-1
-1
-1
-1
-1
-1
-1
-1
-1
-1
-1
-1
-1
-1
-1
-1
-1
-1
-1
-1
-1
-1
-1
-1
-1
-1
-1
-1
-1
-1
-1
-1
-1
-1
-1
-1
-1
-1
-1
-1
-1
-1
-1
-1
-1
-1
-1
-1
-1
-1
-1
-1
-1
-1
-1
-1
-1
-1
-1
-1
-1
-1
-1
-1
-1
-1
-1
-1
-1
-1
-1
-1
-1
-1
-1
-1
-1
-1
-1
-1
