# cancel = 367
0 4 3
1 4 5
1 4 4
1 4 8
1 4 7
1 4 42
1 4 41
1 4 40
1 4 39
1 4 38
1 4 37
1 4 36
1 4 35
1 4 34
1 4 33
1 4 32
1 4 31
1 4 30
1 4 29
1 4 28
1 4 27
1 4 26
1 4 25
1 4 24
1 4 23
1 4 22
1 4 21
1 4 20
1 4 19
1 4 18
1 4 17
1 4 16
1 4 15
1 4 14
1 4 13
1 4 12
1 4 11
1 4 10
1 4 9
1 4 6
2 8 43
2 7 43
2 6 43
2 5 43
2 21 43
2 20 43
2 19 43
2 18 43
2 17 43
2 16 43
2 15 43
2 14 43
2 13 43
2 12 43
2 11 43
2 10 43
2 9 43
2 23 43
2 25 43
2 24 43
2 22 43
2 27 43
2 26 43
3 4 43
0 28 43
4 3 4
6 3 3
-1
-1
-1
-1
-1
-1
-1
-1
-1
-1
-1
-1
-1
-1
-1
-1
-1
-1
0 2 4
2 31 43
2 30 43
2 29 43
2 35 43
2 34 43
2 33 43
2 32 43
-1
-1
-1
-1
-1
-1
-1
-1
-1
-1
-1
-1
-1
-1
-1
-1
-1
-1
-1
-1
-1
0 36 43
-1
-1
-1
-1
-1
-1
-1
-1
-1
-1
-1
-1
-1
-1
0 4 43
1 37 41
1 37 42
4 37 43
6 37 40
-1
-1
-1
-1
-1
-1
-1
-1
-1
0 38 40
1 28 29
1 28 30
1 28 31
1 28 32
1 28 33
1 28 34
1 28 35
1 28 36
1 28 37
1 28 38
1 28 39
1 28 40
1 28 41
1 28 42
0 28 28
1 28 23
1 28 24
1 28 25
1 28 26
1 28 27
5 28 22
-1
-1
0 27 22
2 25 22
2 26 22
-1
-1
-1
-1
-1
-1
0 24 22
1 27 21
1 27 20
-1
-1
-1
-1
0 27 19
-1
-1
-1
-1
-1
-1
0 26 43
2 22 22
2 23 22
-1
-1
-1
0 21 22
-1
-1
-1
-1
-1
0 21 21
4 37 28
2 36 28
2 35 28
2 34 28
2 33 28
2 32 28
2 31 28
2 30 28
2 29 28
0 37 27
1 38 30
1 38 29
1 38 28
5 38 27
3 38 31
0 39 31
-1
-1
0 22 43
-1
-1
-1
0 28 22
-1
-1
-1
-1
0 38 31
4 7 3
2 6 3
2 5 3
1 7 2
0 7 1
4 26 44
-1
-1
0 25 44
1 37 26
1 37 22
1 37 23
1 37 24
1 37 25
0 37 21
-1
-1
0 37 25
1 42 39
4 42 40
2 41 40
2 40 40
2 39 40
0 42 38
1 29 15
1 29 16
1 29 17
1 29 18
4 29 19
2 28 19
0 29 14
2 11 2
2 10 2
2 9 2
3 8 2
5 8 1
0 12 2
3 12 10
1 12 9
1 12 8
1 12 7
1 12 6
1 12 5
1 12 4
1 12 3
0 13 10
2 20 20
5 21 20
1 19 18
1 19 19
3 19 20
0 19 17
1 33 8
1 33 9
1 33 10
1 33 11
1 33 12
1 33 13
4 33 14
2 32 14
2 31 14
2 30 14
0 33 7
0 32 43
2 46 31
2 45 31
2 44 31
2 43 31
2 42 31
2 41 31
2 40 31
0 47 31
0 4 6
0 26 19
2 17 31
2 18 31
2 19 31
2 20 31
4 21 31
1 21 30
1 21 29
1 21 28
1 21 27
1 21 26
1 21 25
1 21 24
1 21 23
2 10 31
2 11 31
2 12 31
2 13 31
2 14 31
2 15 31
2 16 31
0 9 31
0 9 43
0 1 4
2 41 41
2 40 41
2 39 41
3 38 41
0 42 41
1 42 46
1 42 45
1 42 44
1 42 43
1 42 42
0 42 47
0 4 9
0 37 40
2 39 25
2 38 25
0 40 25
1 40 20
4 40 21
2 39 21
2 38 21
0 40 19
0 1 3
4 9 47
1 9 46
1 9 45
1 9 44
0 8 47
0 7 2
2 37 31
0 36 31
0 16 31
4 43 41
0 43 40
0 19 20
2 33 31
2 34 31
2 35 31
0 32 31
0 24 43
0 27 20
-1
-1
-1
-1
-1
-1
-1
-1
-1
-1
-1
-1
-1
-1
-1
-1
-1
-1
-1
-1
-1
-1
-1
-1
-1
-1
-1
-1
-1
-1
-1
-1
-1
-1
-1
-1
-1
-1
-1
-1
-1
-1
-1
-1
-1
-1
-1
-1
-1
-1
-1
-1
-1
-1
-1
-1
-1
-1
-1
-1
-1
-1
-1
-1
-1
-1
-1
-1
-1
-1
-1
-1
-1
-1
-1
-1
-1
-1
-1
-1
-1
-1
-1
-1
-1
-1
-1
-1
-1
-1
-1
-1
-1
-1
-1
-1
-1
-1
-1
-1
-1
-1
-1
-1
-1
-1
-1
-1
-1
-1
-1
-1
-1
-1
-1
-1
-1
-1
-1
-1
-1
-1
-1
-1
-1
-1
-1
-1
-1
-1
-1
-1
-1
-1
-1
-1
-1
-1
-1
-1
-1
-1
-1
-1
-1
-1
-1
-1
-1
-1
-1
-1
-1
-1
-1
-1
-1
-1
-1
-1
-1
-1
-1
-1
-1
-1
-1
-1
-1
-1
-1
-1
-1
-1
-1
-1
-1
-1
-1
-1
-1
-1
-1
-1
-1
-1
-1
-1
-1
-1
-1
-1
-1
-1
-1
-1
-1
-1
-1
-1
-1
-1
-1
-1
-1
-1
-1
-1
-1
-1
-1
-1
-1
-1
-1
-1
-1
-1
-1
-1
-1
-1
-1
-1
-1
-1
-1
-1
-1
-1
-1
-1
-1
-1
-1
-1
-1
-1
-1
-1
-1
-1
-1
-1
-1
-1
-1
-1
-1
-1
-1
-1
-1
-1
-1
-1
-1
-1
-1
-1
-1
-1
-1
-1
-1
-1
-1
-1
-1
-1
-1
-1
-1
-1
-1
-1
-1
-1
-1
-1
-1
-1
-1
-1
-1
-1
-1
-1
-1
-1
-1
-1
-1
-1
-1
-1
-1
-1
-1
-1
-1
-1
-1
-1
-1
-1
-1
-1
-1
-1
-1
-1
-1
-1
-1
-1
-1
-1
-1
-1
-1
-1
-1
-1
-1
-1
-1
-1
-1
-1
-1
-1
-1
-1
-1
-1
-1
-1
-1
-1
-1
-1
-1
-1
-1
-1
-1
-1
-1
-1
-1
-1
-1
-1
-1
-1
-1
-1
-1
-1
-1
-1
-1
-1
-1
-1
-1
-1
-1
-1
-1
-1
-1
-1
-1
-1
-1
-1
-1
-1
-1
-1
-1
-1
-1
-1
-1
-1
-1
-1
-1
-1
-1
-1
-1
-1
-1
-1
-1
-1
-1
-1
-1
-1
-1
-1
-1
-1
-1
-1
-1
-1
-1
-1
-1
-1
-1
-1
-1
-1
-1
-1
-1
-1
-1
-1
-1
-1
-1
-1
-1
-1
