# real_sz = 17
0 16 32
2 17 32
2 18 32
2 19 32
2 20 32
2 21 32
2 22 32
2 23 32
2 24 32
2 25 32
2 26 32
2 27 32
2 28 32
2 29 32
2 30 32
2 31 32
2 32 32
0 33 32
5 16 31
-1
3 15 31
-1
-1
-1
-1
5 15 30
-1
-1
-1
-1
2 14 30
-1
-1
-1
2 13 30
-1
-1
-1
-1
2 12 30
-1
-1
-1
-1
2 11 30
-1
-1
-1
-1
3 10 30
-1
-1
-1
1 10 29
-1
-1
-1
-1
1 10 28
-1
-1
-1
-1
1 10 27
-1
-1
-1
-1
1 10 26
-1
-1
-1
1 10 25
-1
-1
-1
-1
5 10 24
-1
-1
-1
-1
2 9 24
-1
-1
-1
-1
3 8 24
-1
-1
-1
-1
1 8 23
-1
-1
-1
1 8 22
-1
-1
-1
-1
1 8 21
-1
-1
-1
-1
1 8 20
-1
-1
-1
-1
1 8 19
-1
-1
-1
1 8 17
-1
-1
-1
-1
1 8 16
-1
-1
-1
-1
1 8 15
-1
-1
-1
-1
1 8 18
-1
-1
-1
-1
-1
-1
-1
-1
-1
-1
-1
-1
-1
-1
-1
-1
-1
-1
-1
-1
-1
-1
-1
-1
-1
-1
-1
-1
-1
-1
-1
-1
-1
-1
-1
-1
-1
-1
-1
-1
-1
-1
-1
-1
-1
-1
-1
-1
-1
-1
-1
-1
-1
-1
-1
-1
-1
-1
-1
-1
-1
-1
-1
-1
-1
-1
-1
-1
-1
-1
-1
-1
-1
-1
-1
-1
-1
-1
-1
-1
-1
-1
-1
-1
-1
-1
-1
-1
-1
-1
-1
-1
-1
-1
-1
-1
-1
-1
-1
-1
-1
-1
-1
-1
-1
-1
-1
-1
-1
-1
-1
-1
-1
-1
-1
-1
-1
-1
-1
-1
-1
-1
-1
-1
-1
-1
-1
-1
-1
-1
-1
-1
-1
-1
-1
-1
-1
-1
-1
-1
-1
-1
-1
-1
-1
-1
-1
-1
-1
-1
-1
-1
-1
-1
-1
-1
-1
-1
-1
-1
-1
-1
-1
-1
-1
-1
-1
-1
-1
-1
-1
-1
-1
-1
-1
-1
-1
-1
-1
-1
-1
-1
-1
-1
-1
-1
-1
-1
-1
-1
-1
-1
-1
-1
-1
-1
-1
-1
-1
-1
-1
-1
-1
-1
-1
-1
-1
-1
-1
-1
-1
-1
-1
-1
-1
-1
-1
-1
-1
-1
-1
-1
-1
-1
-1
-1
-1
-1
-1
-1
-1
-1
-1
-1
-1
-1
-1
0 8 14
-1
2 34 32
5 35 32
-1
1 35 33
-1
3 35 34
5 36 34
-1
1 36 35
1 36 36
-1
1 36 37
-1
1 36 38
1 36 39
-1
1 36 40
1 36 41
-1
1 36 42
1 36 43
-1
3 36 44
-1
2 37 44
2 38 44
-1
2 39 44
2 40 44
-1
2 41 44
-1
2 42 44
-1
-1
-1
-1
-1
-1
-1
-1
-1
-1
-1
-1
-1
-1
-1
-1
-1
-1
-1
-1
-1
-1
-1
-1
-1
-1
-1
-1
-1
-1
-1
-1
-1
-1
-1
-1
-1
-1
-1
-1
-1
-1
-1
-1
-1
-1
-1
-1
-1
-1
-1
-1
-1
-1
-1
-1
-1
-1
-1
-1
-1
-1
-1
-1
-1
-1
-1
-1
-1
-1
-1
-1
-1
-1
-1
-1
-1
-1
0 43 44
4 9 14
6 9 13
2 10 13
2 11 13
4 12 13
6 12 12
4 13 12
1 13 11
-1
-1
-1
-1
-1
-1
-1
-1
-1
-1
-1
-1
-1
-1
-1
-1
-1
-1
-1
-1
-1
0 13 10
6 33 31
4 34 31
1 34 30
1 34 29
1 34 28
1 34 27
1 34 25
6 34 24
4 35 24
6 35 23
1 34 26
-1
-1
-1
-1
-1
-1
-1
-1
-1
-1
-1
-1
0 36 23
6 7 14
4 7 15
2 6 15
2 5 15
-1
-1
-1
-1
-1
-1
-1
-1
-1
-1
-1
-1
-1
0 4 15
1 13 9
1 13 8
1 13 7
1 13 6
1 13 5
1 13 4
1 13 3
5 13 2
2 12 2
-1
-1
-1
-1
-1
-1
-1
0 11 2
3 36 24
2 37 24
5 38 24
3 38 25
2 39 25
-1
-1
-1
-1
-1
-1
-1
-1
-1
-1
0 40 25
2 15 32
2 14 32
6 13 32
1 13 33
4 13 34
2 12 34
2 11 34
2 10 34
2 9 34
2 8 34
2 7 34
2 6 34
2 5 34
2 4 34
2 3 34
2 2 34
0 1 34
2 14 10
2 15 10
2 16 10
5 17 10
1 17 11
3 17 12
2 18 12
2 19 12
2 20 12
2 21 12
2 22 12
0 23 12
-1
-1
-1
-1
-1
-1
-1
-1
0 8 18
6 7 18
1 7 19
1 7 20
1 7 21
1 7 22
1 7 23
-1
-1
-1
0 7 24
2 24 12
4 25 12
6 25 11
2 26 11
2 27 11
2 28 11
4 29 11
1 29 10
-1
0 29 9
-1
-1
-1
-1
-1
-1
-1
0 34 26
2 33 26
2 32 26
2 31 26
2 30 26
2 29 26
-1
-1
0 28 26
1 23 11
1 23 10
1 23 9
1 23 8
5 23 7
-1
-1
0 22 7
-1
-1
-1
-1
-1
-1
-1
-1
-1
-1
-1
-1
-1
-1
-1
-1
-1
-1
-1
-1
-1
-1
-1
-1
-1
-1
-1
-1
-1
-1
-1
-1
-1
-1
-1
-1
-1
-1
-1
-1
-1
-1
-1
-1
-1
-1
-1
-1
-1
-1
-1
-1
-1
-1
-1
-1
-1
-1
-1
-1
-1
-1
-1
-1
-1
-1
-1
-1
-1
-1
-1
-1
-1
-1
-1
-1
-1
-1
-1
-1
-1
-1
-1
-1
-1
-1
-1
-1
-1
-1
-1
-1
-1
-1
-1
-1
-1
-1
-1
-1
-1
-1
-1
-1
-1
-1
-1
-1
-1
-1
-1
-1
-1
-1
-1
-1
-1
-1
-1
-1
-1
-1
-1
-1
-1
-1
-1
-1
-1
-1
-1
