# yaki_cnt = 65250
0 38 27
2 37 27
2 36 27
2 35 27
2 34 27
2 33 27
2 32 27
2 31 27
2 30 27
2 29 27
2 28 27
2 27 27
2 26 27
2 25 27
2 24 27
2 23 27
1 22 26
1 22 25
1 22 24
1 22 23
1 22 22
1 22 21
1 22 20
1 22 19
5 22 18
3 22 27
1 21 17
1 21 16
1 21 15
1 21 14
1 21 13
1 21 12
2 20 11
5 21 11
1 19 10
3 19 11
3 21 18
5 19 8
3 18 8
5 18 7
3 17 7
5 17 6
1 19 9
0 16 6
1 38 28
1 38 29
1 38 30
1 38 31
1 38 32
3 38 33
5 39 33
1 39 34
1 39 35
1 39 36
1 39 37
1 39 38
1 39 39
2 40 40
2 41 40
2 42 40
2 43 40
2 44 40
3 39 40
-1
-1
-1
-1
-1
-1
-1
-1
-1
-1
-1
-1
-1
-1
-1
-1
-1
-1
-1
-1
-1
-1
-1
-1
-1
-1
-1
-1
-1
-1
-1
-1
-1
-1
-1
-1
-1
-1
-1
-1
-1
-1
-1
-1
-1
-1
-1
-1
-1
-1
-1
-1
-1
0 45 40
2 47 40
2 48 40
5 49 40
2 46 40
-1
-1
-1
-1
-1
-1
-1
-1
-1
-1
-1
-1
-1
-1
-1
-1
-1
-1
-1
-1
-1
-1
-1
-1
-1
-1
-1
-1
-1
-1
-1
0 49 41
-1
-1
-1
-1
-1
-1
-1
-1
-1
-1
-1
-1
-1
-1
-1
-1
-1
-1
-1
-1
0 38 33
2 15 6
6 14 6
1 14 7
4 14 8
2 13 8
2 12 8
2 11 8
-1
-1
-1
-1
-1
-1
-1
-1
-1
-1
0 10 8
1 45 41
1 45 42
1 45 43
1 45 44
1 45 45
3 45 46
-1
-1
-1
-1
-1
-1
-1
-1
0 46 46
3 10 9
2 11 9
2 12 9
5 13 9
1 13 11
1 13 12
1 13 10
-1
-1
-1
-1
-1
0 13 13
1 16 5
2 17 4
4 18 4
6 18 3
6 16 4
1 19 2
6 19 1
2 20 1
4 21 1
4 19 3
0 21 0
6 9 8
4 9 9
6 8 9
4 8 10
2 7 10
4 6 11
2 5 11
2 4 11
6 6 10
0 3 11
1 13 15
1 13 16
1 13 17
1 13 18
1 13 20
1 13 21
1 13 22
4 13 23
2 12 23
6 11 23
4 11 24
2 10 24
1 13 19
1 13 14
0 9 24
0 19 9
6 10 7
4 11 7
6 11 6
2 12 6
4 13 6
-1
0 13 5
4 46 47
2 45 47
3 44 47
1 44 46
1 44 45
1 44 44
5 44 43
2 43 43
3 42 43
0 42 42
1 9 25
4 9 26
1 8 27
6 8 26
0 8 28
1 8 29
1 8 30
1 8 31
4 8 32
6 7 32
0 7 33
0 39 36
2 20 9
2 21 9
2 22 9
2 23 9
2 24 9
2 25 9
2 26 9
4 27 9
0 27 8
0 13 10
4 39 27
1 39 26
6 39 25
4 40 25
1 40 24
0 40 23
2 12 5
2 11 5
2 10 5
2 9 5
0 8 5
0 19 3
1 3 12
1 3 13
1 3 14
1 3 15
1 3 16
0 3 17
0 48 40
1 3 18
1 3 19
3 3 20
0 4 20
2 20 3
2 21 3
2 22 3
2 23 3
0 24 3
0 13 19
2 2 11
2 1 11
0 0 11
1 7 34
1 7 35
1 7 36
0 7 37
3 37 33
5 37 32
2 36 32
0 35 32
1 8 4
1 8 3
0 8 2
0 42 43
5 28 8
1 28 9
4 28 10
0 27 10
2 41 23
4 42 23
1 42 22
0 42 21
0 21 18
2 7 2
2 6 2
2 5 2
0 4 2
0 39 33
4 40 33
6 40 32
2 41 32
4 42 32
0 42 31
0 22 27
0 16 4
5 43 31
3 43 32
2 44 32
2 45 32
0 46 32
0 8 26
1 46 31
1 46 30
0 46 29
0 6 10
2 8 37
2 9 37
2 10 37
2 11 37
0 12 37
0 19 11
2 13 37
2 14 37
2 15 37
0 16 37
2 41 43
2 40 43
2 39 43
2 38 43
0 37 43
2 36 43
2 35 43
0 34 43
0 21 9
0 13 14
0 47 46
3 21 27
5 21 26
2 20 26
0 19 26
1 27 11
1 27 12
3 27 13
2 28 13
0 29 13
2 4 17
2 5 17
0 6 17
1 4 3
1 4 4
0 4 5
2 14 19
2 15 19
0 16 19
2 43 21
4 44 21
6 44 20
2 45 20
2 46 20
4 47 20
0 47 19
2 25 3
2 26 3
2 27 3
2 28 3
2 29 3
2 30 3
2 31 3
0 32 3
2 33 3
2 34 3
2 35 3
2 36 3
2 37 3
2 38 3
2 39 3
2 40 3
2 41 3
0 42 3
5 17 37
3 17 38
5 18 38
1 18 39
3 18 40
2 19 40
0 20 40
5 21 40
3 21 41
5 22 41
1 22 42
1 22 43
1 22 44
1 22 45
3 22 46
0 23 46
-1
-1
-1
-1
-1
-1
-1
-1
-1
-1
-1
-1
-1
-1
-1
-1
-1
-1
-1
-1
-1
-1
-1
-1
-1
-1
-1
-1
-1
-1
-1
-1
-1
-1
-1
-1
-1
-1
-1
-1
-1
-1
-1
-1
-1
-1
-1
-1
-1
-1
-1
-1
-1
-1
-1
-1
-1
-1
-1
-1
-1
-1
-1
-1
-1
-1
-1
-1
-1
-1
-1
-1
-1
-1
-1
-1
-1
-1
-1
-1
-1
-1
-1
-1
-1
-1
-1
-1
-1
-1
-1
-1
-1
-1
-1
-1
-1
-1
-1
-1
-1
-1
-1
-1
-1
-1
-1
-1
-1
-1
-1
-1
-1
-1
-1
-1
-1
-1
-1
-1
-1
-1
-1
-1
-1
-1
-1
-1
-1
-1
-1
-1
-1
-1
-1
-1
-1
-1
-1
-1
-1
-1
-1
-1
-1
-1
-1
-1
-1
-1
-1
-1
-1
-1
-1
-1
-1
-1
-1
-1
-1
-1
-1
-1
-1
-1
-1
-1
-1
-1
-1
-1
-1
-1
-1
-1
-1
-1
-1
-1
-1
-1
-1
-1
-1
-1
-1
-1
-1
-1
-1
-1
-1
-1
-1
-1
-1
-1
-1
-1
-1
-1
-1
-1
-1
-1
-1
-1
-1
-1
-1
-1
-1
-1
-1
-1
-1
-1
-1
-1
-1
-1
-1
-1
-1
-1
-1
-1
-1
-1
-1
-1
-1
-1
-1
-1
-1
-1
-1
-1
-1
-1
-1
-1
-1
-1
-1
-1
-1
-1
-1
-1
-1
-1
-1
-1
-1
-1
-1
-1
-1
-1
-1
-1
-1
-1
-1
-1
-1
-1
-1
-1
-1
-1
-1
-1
-1
-1
-1
-1
-1
-1
-1
-1
-1
-1
-1
-1
-1
-1
-1
-1
-1
-1
-1
-1
-1
-1
-1
-1
-1
-1
-1
-1
-1
-1
-1
-1
-1
-1
-1
-1
-1
-1
-1
-1
-1
-1
-1
-1
-1
-1
-1
-1
-1
-1
-1
-1
-1
-1
-1
-1
-1
-1
-1
-1
-1
-1
-1
-1
-1
-1
-1
-1
-1
-1
-1
-1
-1
