# yaki_cnt = 23220
0 39 18
1 39 17
1 39 16
1 39 15
2 38 14
2 37 14
3 35 14
1 35 13
2 36 14
5 39 14
1 35 11
2 34 10
3 33 10
5 35 10
1 35 12
0 33 9
1 39 19
4 39 20
2 38 20
6 37 20
2 36 21
2 35 21
-1
2 34 21
-1
4 37 21
-1
2 32 21
-1
2 31 21
-1
2 29 21
-1
2 28 21
-1
2 27 21
-1
6 26 21
-1
2 25 22
-1
2 24 22
-1
4 26 22
-1
2 30 21
-1
2 22 22
-1
2 21 22
-1
2 20 22
-1
2 19 22
-1
2 23 22
-1
2 33 21
-1
2 17 22
-1
2 16 22
-1
2 15 22
-1
2 14 22
-1
2 12 22
-1
2 11 22
-1
6 10 22
-1
1 10 23
-1
2 9 24
-1
2 7 24
-1
2 6 24
-1
2 5 24
-1
1 4 25
-1
1 4 26
-1
4 4 27
-1
6 4 24
-1
2 8 24
-1
4 10 24
-1
2 13 22
-1
2 18 22
-1
-1
-1
-1
-1
-1
-1
-1
-1
-1
-1
-1
-1
-1
-1
-1
-1
-1
-1
-1
-1
-1
-1
-1
-1
-1
-1
-1
-1
-1
-1
-1
-1
-1
-1
-1
-1
-1
-1
-1
-1
-1
-1
-1
-1
-1
-1
-1
-1
-1
-1
-1
-1
-1
-1
-1
-1
-1
-1
-1
-1
-1
-1
-1
-1
-1
-1
-1
-1
-1
-1
-1
-1
-1
-1
-1
-1
-1
-1
-1
-1
-1
-1
-1
-1
-1
-1
-1
-1
-1
-1
-1
-1
-1
-1
-1
-1
-1
-1
0 3 27
1 3 28
3 3 29
2 4 29
1 5 30
3 5 31
2 6 31
2 7 31
2 8 31
5 5 29
2 10 31
2 11 31
2 12 31
5 13 31
3 13 32
5 14 32
1 14 33
1 14 34
1 14 35
1 14 36
1 14 38
1 14 39
1 14 40
1 14 41
1 14 37
2 15 42
2 16 42
3 14 42
2 9 31
-1
-1
-1
-1
-1
-1
-1
-1
-1
-1
-1
-1
0 17 42
2 18 42
2 19 42
4 20 42
1 20 41
2 21 40
2 22 40
2 23 40
2 24 40
2 25 40
2 26 40
2 27 40
2 28 40
2 29 40
2 30 40
2 31 40
2 32 40
2 34 40
2 35 40
2 36 40
2 37 40
2 33 40
6 20 40
0 38 40
6 32 9
4 32 10
2 31 10
2 30 10
-1
-1
-1
-1
-1
-1
-1
-1
0 29 10
6 2 27
1 2 28
1 2 29
1 2 30
-1
-1
-1
-1
-1
0 2 31
-1
-1
-1
-1
-1
-1
-1
0 35 12
2 28 10
2 27 10
4 26 11
6 25 11
2 24 12
2 23 12
2 22 12
2 21 12
2 20 12
4 25 12
6 26 10
0 19 12
1 17 43
1 17 44
0 17 45
-1
-1
-1
0 9 31
5 40 18
1 40 19
1 40 20
3 40 21
0 41 21
1 33 8
2 34 7
2 35 7
2 36 7
6 33 7
0 37 7
2 38 7
2 39 7
5 40 7
3 40 8
0 41 8
1 38 39
1 38 38
1 38 37
1 38 36
0 38 35
-1
0 26 22
2 39 40
2 40 40
0 41 40
1 41 7
5 41 6
3 40 6
1 40 5
0 40 4
0 26 10
1 41 41
1 41 42
3 41 43
2 42 43
2 43 43
0 44 43
0 14 42
6 9 30
4 10 30
0 10 29
0 23 22
1 38 41
1 38 42
1 38 43
0 38 44
0 37 21
0 20 40
1 29 9
1 29 7
1 29 6
1 29 8
0 29 5
0 33 21
0 13 22
0 39 14
5 3 31
1 3 32
1 3 33
1 3 34
0 3 35
0 18 22
0 30 21
0 5 29
0 14 37
0 33 7
2 45 43
4 46 43
0 46 42
2 18 45
0 19 45
0 10 24
0 25 12
0 23 40
0 33 40
0 47 42
0 41 43
1 20 39
0 20 38
0 36 14
0 13 32
2 40 14
0 41 14
0 4 24
1 40 3
1 40 2
0 40 1
2 41 1
2 42 1
0 43 1
1 29 11
1 29 12
0 29 13
1 33 6
1 33 5
0 33 4
0 1 31
1 33 3
0 33 2
1 47 43
1 47 44
0 47 45
1 25 13
1 25 14
1 25 15
0 25 16
2 34 2
0 35 2
5 38 21
1 38 22
0 38 23
1 38 24
0 38 25
1 18 23
4 18 24
0 17 24
1 23 39
0 23 38
1 23 37
1 23 36
1 23 35
0 23 34
1 38 45
0 38 46
1 33 41
1 33 42
0 33 43
1 23 33
0 23 32
2 44 1
2 45 1
0 46 1
0 35 10
1 23 31
1 23 30
0 23 29
1 47 41
1 47 40
1 47 39
0 47 38
1 47 37
0 47 36
1 47 35
1 47 34
0 47 33
1 39 13
1 39 12
0 39 11
0 35 40
2 46 36
2 45 36
0 44 36
0 10 22
1 10 21
1 10 20
0 10 19
2 18 12
0 17 12
6 18 21
4 19 21
0 19 20
0 42 40
1 10 18
0 10 17
5 19 19
2 18 19
0 17 19
0 16 19
0 27 40
1 47 46
1 47 47
1 47 48
0 47 49
1 26 23
1 26 24
0 26 25
2 46 49
2 45 49
3 44 49
0 44 48
2 24 16
2 23 16
2 22 16
0 21 16
0 8 24
4 23 41
6 22 41
1 22 42
0 22 43
0 42 21
2 30 13
2 31 13
0 32 13
0 33 22
0 38 26
0 43 21
2 39 26
2 40 26
2 41 26
0 42 26
1 38 34
1 38 33
1 38 32
0 38 31
2 37 35
2 36 35
3 35 35
0 35 34
2 9 19
2 8 19
2 7 19
2 6 19
0 5 19
3 27 41
5 28 41
0 28 42
6 16 45
1 16 46
0 16 47
1 22 44
1 22 45
1 22 46
1 22 47
1 22 48
0 22 49
2 28 5
2 27 5
0 26 5
1 33 20
1 33 19
1 33 18
0 33 17
4 26 6
2 25 6
0 24 6
1 46 2
0 46 3
2 47 3
5 48 3
0 48 4
1 35 33
1 35 32
1 35 31
1 35 30
0 35 29
0 38 37
0 35 28
1 5 18
1 5 17
1 5 16
1 5 15
0 5 14
1 38 47
1 38 48
0 38 49
2 22 34
2 21 34
2 20 34
0 19 34
1 19 33
1 19 32
0 19 31
3 26 26
2 27 26
2 28 26
0 29 26
3 35 3
0 36 3
2 4 14
2 3 14
0 2 14
1 5 13
1 5 12
1 5 11
1 5 10
0 5 9
1 25 17
1 25 18
0 25 19
1 5 8
1 5 7
0 5 6
0 34 17
3 3 36
2 4 36
2 5 36
0 6 36
1 6 35
1 6 34
0 6 33
1 23 28
1 23 27
5 23 26
2 22 26
0 21 26
1 29 14
1 29 15
1 29 16
0 29 17
0 10 28
3 13 42
5 13 41
0 12 41
5 47 32
2 46 32
3 45 32
0 45 31
1 6 37
1 6 38
1 6 39
0 6 40
1 45 30
0 45 29
2 11 29
2 12 29
2 13 29
2 14 29
0 15 29
6 43 20
2 44 20
2 45 20
2 46 20
0 47 20
1 19 11
1 19 10
1 19 9
0 19 8
1 27 39
6 27 38
4 28 38
0 28 37
1 28 36
1 28 35
6 28 34
0 29 34
1 4 23
5 4 22
2 3 22
0 2 22
2 15 47
2 14 47
2 13 47
2 12 47
0 11 47
2 6 6
2 7 6
2 8 6
2 9 6
2 10 6
0 11 6
1 2 13
1 2 12
0 2 11
3 41 9
2 42 9
2 43 9
2 44 9
2 45 9
0 46 9
-1
-1
-1
-1
-1
-1
-1
-1
-1
-1
-1
-1
-1
-1
-1
-1
-1
-1
-1
-1
-1
-1
-1
-1
-1
-1
-1
-1
-1
-1
-1
-1
-1
-1
-1
-1
-1
-1
-1
-1
-1
-1
-1
-1
-1
-1
-1
-1
-1
-1
-1
-1
-1
-1
-1
-1
-1
-1
-1
-1
-1
-1
-1
-1
-1
-1
-1
-1
-1
-1
-1
-1
-1
-1
-1
-1
-1
-1
-1
-1
-1
-1
-1
-1
-1
-1
-1
-1
-1
-1
-1
-1
-1
-1
-1
-1
-1
-1
-1
-1
-1
-1
-1
-1
-1
-1
-1
-1
-1
-1
-1
-1
-1
-1
-1
-1
-1
-1
-1
-1
-1
-1
-1
-1
-1
-1
-1
-1
