# money = 11324475
# income = 30309
1 33 38
1 33 39
1 33 40
1 33 41
1 33 42
1 33 43
1 33 44
1 33 45
1 33 46
4 33 47
2 32 47
2 31 47
2 30 47
2 29 47
2 28 47
2 27 47
2 26 47
2 25 47
2 24 47
2 23 47
2 22 47
0 21 47
0 33 37
-1
-1
-1
-1
-1
-1
-1
-1
-1
-1
-1
-1
-1
-1
-1
-1
-1
-1
-1
-1
-1
-1
-1
-1
-1
-1
-1
-1
-1
-1
-1
-1
-1
-1
-1
-1
-1
-1
-1
-1
-1
-1
-1
-1
-1
-1
-1
-1
6 32 37
1 32 38
1 32 39
0 32 40
2 20 47
2 19 47
2 18 47
2 17 47
2 16 47
2 15 47
2 14 47
2 13 47
3 12 47
1 12 46
1 12 45
1 12 44
1 12 43
1 12 42
1 12 41
1 12 40
1 12 39
1 12 38
1 12 37
1 12 36
1 12 35
1 12 34
1 12 33
1 12 32
1 12 31
1 12 30
1 12 29
1 12 28
1 12 27
1 12 26
1 12 25
1 12 24
1 12 23
1 12 22
1 12 21
1 12 20
1 12 19
1 12 18
1 12 17
1 12 16
1 12 15
0 12 14
2 11 14
2 10 14
2 9 14
3 8 14
1 8 13
1 8 12
1 8 11
1 8 10
0 8 9
4 21 48
2 20 48
2 19 48
0 18 48
5 12 13
2 11 13
2 10 13
0 9 13
2 31 40
2 30 40
2 29 40
3 28 40
0 28 39
5 33 36
2 32 36
2 31 36
3 30 36
0 30 35
6 7 9
4 7 10
2 6 10
0 5 10
1 5 11
1 5 12
1 5 13
1 5 14
1 5 15
4 5 16
0 4 16
6 21 46
2 22 46
0 23 46
2 13 14
2 14 14
2 15 14
4 16 14
1 16 13
0 16 12
2 34 37
5 35 37
1 35 38
1 35 39
0 35 40
5 17 12
1 17 13
1 17 14
1 17 15
1 17 16
1 17 17
1 17 18
1 17 19
4 17 20
2 16 20
2 15 20
0 14 20
6 16 11
2 17 11
2 18 11
2 19 11
2 20 11
2 21 11
2 22 11
2 23 11
2 24 11
2 25 11
2 26 11
2 27 11
2 28 11
2 29 11
2 30 11
2 31 11
2 32 11
2 33 11
2 34 11
2 35 11
2 36 11
2 37 11
2 38 11
2 39 11
2 40 11
2 41 11
2 42 11
2 43 11
4 44 11
1 44 10
0 44 9
3 4 17
2 5 17
5 6 17
1 6 18
1 6 19
1 6 20
0 6 21
2 3 16
3 2 16
1 2 15
1 2 14
0 2 13
5 45 9
1 45 10
1 45 11
4 45 12
2 44 12
2 43 12
0 42 12
1 32 41
1 32 42
1 32 43
4 32 44
0 31 44
2 7 21
2 8 21
2 9 21
4 10 21
1 10 20
0 10 19
2 43 9
2 42 9
2 41 9
2 40 9
0 39 9
5 23 45
2 22 45
2 21 45
2 20 45
3 19 45
0 19 44
5 44 8
2 43 8
3 42 8
1 42 7
1 42 6
0 42 5
3 42 13
2 43 13
2 44 13
2 45 13
2 46 13
0 47 13
4 36 40
1 36 39
1 36 38
1 36 37
0 36 36
4 9 9
1 9 8
1 9 7
1 9 6
1 9 5
1 9 4
1 9 3
1 9 2
0 9 1
6 14 19
2 15 19
4 16 19
1 16 18
0 16 17
3 9 19
1 9 18
1 9 17
0 9 16
3 18 49
2 19 49
2 20 49
2 21 49
2 22 49
2 23 49
2 24 49
2 25 49
4 26 49
0 26 48
3 15 12
1 15 11
6 15 10
2 16 10
2 17 10
2 18 10
2 19 10
4 20 10
1 20 9
0 20 8
3 35 41
5 36 41
1 36 42
1 36 43
0 36 44
6 8 1
4 8 2
2 7 2
2 6 2
2 5 2
0 4 2
1 4 3
1 4 4
4 4 5
2 3 5
0 2 5
3 30 44
1 30 43
0 30 42
3 14 21
2 15 21
2 16 21
2 17 21
0 18 21
1 18 22
1 18 23
1 18 24
1 18 25
4 18 26
2 17 26
0 16 26
2 5 21
2 4 21
3 3 21
1 3 20
0 3 19
6 41 12
4 41 13
2 40 13
2 39 13
0 38 13
2 43 5
2 44 5
2 45 5
2 46 5
0 47 5
2 19 8
2 18 8
2 17 8
3 16 8
0 16 7
3 16 27
5 17 27
1 17 28
1 17 29
0 17 30
2 37 44
4 38 44
1 38 43
1 38 42
0 38 41
6 9 12
2 10 12
4 11 12
1 11 11
0 11 10
4 31 35
1 31 34
1 31 33
0 31 32
2 21 8
2 22 8
2 23 8
2 24 8
4 25 8
1 25 7
1 25 6
0 25 5
2 32 32
2 33 32
4 34 32
1 34 31
1 34 30
0 34 29
1 36 45
1 36 46
1 36 47
4 36 48
2 35 48
0 34 48
2 29 39
2 30 39
4 31 39
0 31 38
1 42 4
1 42 3
0 42 2
2 41 2
2 40 2
2 39 2
3 38 2
0 38 1
2 33 48
2 32 48
0 31 48
3 6 22
2 7 22
2 8 22
5 9 22
1 9 23
1 9 24
1 9 25
0 9 26
3 38 14
2 39 14
2 40 14
5 41 14
1 41 15
1 41 16
0 41 17
2 17 48
2 16 48
2 15 48
2 14 48
2 13 48
2 12 48
2 11 48
2 10 48
2 9 48
3 8 48
1 8 47
1 8 46
1 8 45
1 8 44
0 8 43
1 17 31
1 17 32
1 17 33
4 17 34
0 16 34
2 48 13
4 49 13
0 49 12
2 30 32
2 29 32
2 28 32
2 27 32
3 26 32
1 26 31
1 26 30
0 26 29
2 41 5
2 40 5
0 39 5
2 10 1
2 11 1
2 12 1
2 13 1
2 14 1
0 15 1
2 42 17
2 43 17
4 44 17
1 44 16
0 44 15
1 9 27
1 9 28
4 9 29
2 8 29
2 7 29
2 6 29
2 5 29
0 4 29
6 27 39
1 27 40
4 27 41
0 26 41
1 19 43
1 19 42
1 19 41
0 19 40
4 26 5
1 26 4
1 26 3
1 26 2
1 26 1
0 26 0
2 18 30
2 19 30
2 20 30
5 21 30
1 21 31
1 21 32
0 21 33
3 1 13
1 1 12
1 1 11
0 1 10
3 2 6
2 3 6
2 4 6
2 5 6
4 6 6
1 6 5
0 6 4
2 39 41
2 40 41
2 41 41
5 42 41
1 42 42
1 42 43
1 42 44
1 42 45
0 42 46
2 43 46
5 44 46
0 44 47
6 2 19
1 2 20
1 2 21
1 2 22
0 2 23
6 18 44
1 18 45
4 18 46
2 17 46
2 16 46
0 15 46
2 38 5
2 37 5
2 36 5
2 35 5
3 34 5
0 34 4
5 3 18
2 2 18
2 1 18
0 0 18
4 39 10
2 38 10
2 37 10
2 36 10
0 35 10
3 4 30
5 5 30
1 5 31
1 5 32
1 5 33
0 5 34
1 19 39
1 19 38
1 19 37
0 19 36
3 35 36
1 35 35
0 35 34
6 33 4
1 33 5
4 33 6
2 32 6
0 31 6
6 38 40
2 39 40
2 40 40
2 41 40
4 42 40
0 42 39
2 18 40
2 17 40
2 16 40
2 15 40
2 14 40
3 13 40
0 13 39
2 3 2
2 2 2
3 1 2
1 1 1
0 1 0
2 19 21
2 20 21
5 21 21
1 21 22
1 21 23
1 21 24
0 21 25
2 35 29
2 36 29
2 37 29
2 38 29
0 39 29
4 10 26
1 10 25
1 10 24
0 10 23
3 41 46
1 41 45
1 41 44
0 41 43
2 16 30
2 15 30
2 14 30
0 13 30
2 27 29
4 28 29
1 28 28
1 28 27
1 28 26
1 28 25
0 28 24
1 28 23
1 28 22
1 28 21
1 28 20
1 28 19
1 28 18
1 28 17
0 28 16
5 9 43
1 9 44
1 9 45
1 9 46
0 9 47
3 48 12
1 48 11
0 48 10
2 15 26
2 14 26
3 13 26
0 13 25
3 10 10
1 10 9
1 10 8
0 10 7
2 24 5
2 23 5
0 22 5
2 40 29
2 41 29
2 42 29
2 43 29
4 44 29
1 44 28
1 44 27
0 44 26
2 45 26
2 46 26
4 47 26
1 47 25
1 47 24
0 47 23
2 24 46
4 25 46
0 25 45
2 27 0
2 28 0
2 29 0
5 30 0
0 30 1
2 8 16
3 7 16
0 7 15
2 43 2
2 44 2
2 45 2
4 46 2
1 46 1
0 46 0
3 47 14
5 48 14
1 48 15
0 48 16
2 35 44
3 34 44
0 34 43
2 37 13
2 36 13
2 35 13
2 34 13
0 33 13
2 29 35
2 28 35
0 27 35
3 4 10
1 4 9
0 4 8
5 6 34
1 6 35
0 6 36
-1
-1
-1
-1
-1
-1
-1
-1
-1
-1
-1
-1
-1
-1
-1
-1
-1
-1
-1
-1
-1
-1
-1
-1
-1
-1
-1
-1
-1
-1
-1
-1
-1
-1
-1
-1
-1
-1
-1
-1
-1
-1
-1
-1
-1
-1
-1
-1
-1
-1
-1
-1
-1
-1
-1
-1
-1
-1
-1
-1
-1
-1
-1
-1
-1
-1
-1
-1
-1
-1
-1
-1
-1
-1
-1
-1
-1
-1
-1
-1
-1
-1
-1
-1
-1
-1
-1
-1
-1
-1
-1
-1
-1
-1
-1
-1
-1
-1
-1
-1
-1
-1
-1
