# 1236036
# yaki_cnt = 195150
# real_sz = 114
0 29 42
2 33 42
2 32 42
2 31 42
2 30 42
2 37 42
2 36 42
2 35 42
2 34 42
6 38 37
1 38 38
1 38 39
1 38 40
1 38 41
1 39 33
1 39 34
1 39 35
1 39 36
4 39 37
1 39 30
1 39 31
1 39 32
4 38 42
0 39 29
1 39 21
1 39 22
1 39 23
1 39 24
1 39 25
-1
1 39 26
-1
1 39 27
-1
1 39 28
-1
1 39 12
-1
1 39 13
-1
1 39 14
-1
1 39 15
-1
1 39 16
-1
1 39 17
-1
1 39 18
-1
1 39 19
-1
1 39 20
-1
-1
-1
-1
-1
-1
-1
-1
-1
-1
-1
-1
-1
-1
-1
-1
-1
-1
-1
-1
-1
-1
-1
-1
-1
-1
-1
-1
-1
-1
-1
-1
-1
-1
-1
-1
-1
-1
-1
-1
-1
-1
-1
-1
-1
-1
-1
-1
-1
-1
-1
-1
-1
-1
-1
-1
-1
-1
-1
-1
-1
-1
-1
-1
-1
-1
-1
-1
-1
-1
-1
-1
-1
-1
-1
-1
-1
-1
-1
-1
-1
-1
-1
-1
-1
-1
-1
-1
-1
-1
-1
-1
-1
-1
-1
0 39 11
2 35 11
2 36 11
2 37 11
2 38 11
2 31 11
2 32 11
2 33 11
2 34 11
2 25 11
2 26 11
2 27 11
2 28 11
2 29 11
2 30 11
6 21 11
2 22 11
2 23 11
2 24 11
-1
-1
-1
-1
-1
-1
-1
-1
-1
-1
-1
-1
-1
-1
-1
-1
-1
-1
-1
-1
-1
-1
-1
-1
-1
-1
-1
-1
-1
-1
-1
-1
0 21 12
1 20 10
1 20 11
3 20 12
6 20 5
1 20 6
1 20 7
1 20 8
1 20 9
-1
-1
-1
-1
-1
-1
-1
-1
-1
-1
-1
-1
-1
-1
-1
-1
-1
0 21 5
2 28 42
4 22 43
6 22 42
2 23 42
2 24 42
2 25 42
2 26 42
2 17 43
2 18 43
2 19 43
2 20 43
2 14 43
2 15 43
2 16 43
2 21 43
4 10 44
6 10 43
2 11 43
2 12 43
2 7 46
4 8 46
1 8 45
6 8 44
2 9 44
2 13 43
2 27 42
0 6 46
1 40 16
1 40 15
1 40 14
1 40 13
1 40 12
5 40 11
2 45 17
2 44 17
2 43 17
2 42 17
2 41 17
3 40 17
-1
0 46 17
3 4 46
2 5 46
5 3 41
3 3 42
5 4 42
1 4 43
1 4 44
1 4 45
1 1 38
3 1 39
5 2 39
1 2 40
3 2 41
0 1 37
2 20 1
5 21 1
1 21 2
1 21 3
1 21 4
-1
-1
0 19 1
-1
-1
-1
-1
-1
-1
0 38 42
2 15 1
2 16 1
2 17 1
2 18 1
-1
-1
0 14 1
1 22 14
5 22 13
3 21 13
3 23 18
5 23 17
3 22 17
1 22 16
1 22 15
5 25 22
3 24 22
1 24 21
1 24 20
1 24 19
5 24 18
0 25 23
0 24 11
0 27 42
-1
-1
-1
-1
0 24 18
-1
-1
-1
0 40 17
-1
-1
-1
0 2 41
-1
-1
-1
0 30 11
-1
-1
-1
0 34 42
-1
-1
-1
0 13 43
-1
-1
0 34 11
-1
-1
-1
0 21 43
-1
-1
0 40 11
1 1 31
1 1 32
1 1 33
1 1 34
1 1 35
1 1 36
0 1 30
0 34 10
2 3 30
2 2 30
0 4 30
-1
0 39 20
1 39 9
1 39 10
0 39 8
-1
0 16 43
-1
-1
0 34 41
-1
0 20 9
-1
-1
0 22 15
-1
0 39 32
2 42 32
2 41 32
2 40 32
0 43 32
1 14 2
0 14 3
1 34 38
1 34 39
1 34 40
0 34 37
2 24 5
2 23 5
2 22 5
0 25 5
0 21 44
1 5 33
1 5 32
1 5 31
5 5 30
0 5 34
2 6 34
0 7 34
0 9 44
0 4 45
0 8 44
1 34 12
0 34 13
1 34 7
1 34 8
1 34 9
0 34 6
1 33 4
3 33 5
5 34 5
0 33 3
2 8 29
2 7 29
2 6 29
2 5 29
6 4 29
0 9 29
5 41 42
2 40 42
2 39 42
0 41 43
2 11 29
2 10 29
0 12 29
2 17 9
2 18 9
2 19 9
0 16 9
1 13 40
1 13 41
1 13 42
0 13 39
4 14 38
6 13 38
0 14 37
3 13 37
0 13 36
1 16 11
1 16 10
0 16 12
0 30 42
4 30 15
1 30 14
1 30 13
1 30 12
0 29 15
2 3 25
2 2 25
6 1 25
1 1 26
1 1 27
1 1 28
1 1 29
0 4 25
1 5 24
4 5 25
0 5 23
1 5 19
1 5 20
1 5 21
1 5 22
0 5 18
2 4 18
0 3 18
0 39 37
2 41 20
2 40 20
0 42 20
1 30 45
1 30 44
1 30 43
0 30 46
2 7 23
2 6 23
0 8 23
2 32 46
2 31 46
0 33 46
2 9 23
0 10 23
0 43 20
6 11 1
2 12 1
2 13 1
0 11 2
2 14 34
6 13 34
1 13 35
0 15 34
1 30 39
1 30 40
1 30 41
0 30 38
0 44 32
1 15 33
0 15 32
1 46 16
0 46 15
1 30 36
1 30 37
0 30 35
1 30 33
1 30 34
0 30 32
1 30 29
1 30 30
1 30 31
0 30 28
1 25 4
0 25 3
1 46 14
0 46 13
1 15 13
6 15 12
0 15 14
2 14 14
0 13 14
1 5 41
1 5 42
1 5 43
1 5 44
4 5 45
0 5 40
1 36 19
3 36 20
2 37 20
2 38 20
0 36 18
2 26 18
2 25 18
0 27 18
2 45 13
0 44 13
1 27 41
0 27 40
1 30 26
1 30 27
0 30 25
4 32 7
6 32 6
2 33 6
0 31 7
1 10 22
0 10 21
2 28 47
2 29 47
4 30 47
0 27 47
4 47 10
6 46 10
1 46 11
1 46 12
0 47 9
2 15 23
2 14 23
2 13 23
2 12 23
2 11 23
0 16 23
1 43 23
1 43 22
1 43 21
0 43 24
3 16 27
1 16 26
1 16 25
1 16 24
0 17 27
4 41 8
2 40 8
0 41 7
1 39 3
1 39 4
1 39 5
1 39 6
1 39 7
0 39 2
4 43 2
2 42 2
2 41 2
2 40 2
0 43 1
6 24 47
2 25 47
2 26 47
0 24 48
1 44 25
5 44 24
0 44 26
3 35 23
1 35 22
1 35 21
1 35 20
1 35 19
6 35 18
0 36 23
2 47 26
2 46 26
2 45 26
0 48 26
1 21 39
1 21 40
1 21 41
1 21 42
0 21 38
6 9 5
4 10 5
6 10 4
4 11 4
1 11 3
0 9 6
2 3 5
5 4 5
3 4 6
2 5 6
2 6 6
2 7 6
2 8 6
0 2 5
2 32 28
2 31 28
0 33 28
4 8 18
2 7 18
2 6 18
0 8 17
0 34 5
5 21 28
2 20 28
2 19 28
3 18 28
5 18 27
0 21 29
6 1 19
2 2 19
4 3 19
0 1 20
5 22 30
3 21 30
0 22 31
4 8 40
2 7 40
2 6 40
0 8 39
1 31 22
1 31 23
4 31 24
6 30 24
0 31 21
1 3 48
1 3 47
1 3 46
6 3 45
0 3 49
2 13 9
2 14 9
2 15 9
0 12 9
5 47 46
3 46 46
1 46 45
5 46 44
2 45 44
3 44 44
5 44 43
2 43 43
2 42 43
0 47 47
-1
-1
-1
-1
-1
-1
-1
-1
-1
-1
-1
-1
-1
-1
-1
-1
-1
-1
-1
-1
-1
-1
-1
-1
-1
-1
-1
-1
-1
-1
-1
-1
-1
-1
-1
-1
-1
-1
-1
-1
-1
-1
-1
-1
-1
-1
-1
-1
-1
-1
-1
-1
-1
-1
-1
-1
-1
-1
-1
-1
-1
-1
-1
-1
-1
-1
-1
-1
-1
-1
-1
-1
-1
-1
-1
-1
-1
-1
-1
-1
-1
-1
-1
-1
-1
-1
-1
-1
-1
-1
-1
-1
-1
-1
-1
-1
-1
-1
-1
-1
-1
-1
-1
-1
-1
-1
-1
-1
-1
-1
-1
-1
-1
-1
-1
-1
-1
-1
-1
-1
-1
-1
-1
-1
-1
