# yaki_cnt = 285360
# 94
0 25 29
1 25 23
1 25 24
1 25 25
1 25 26
1 25 27
1 25 28
1 28 20
1 28 21
4 28 22
2 27 22
2 26 22
6 25 22
1 28 17
1 28 18
1 28 19
2 31 16
2 30 16
2 29 16
2 40 16
2 39 16
2 38 16
2 37 16
2 36 16
2 35 16
2 34 16
2 33 16
2 47 16
2 46 16
2 45 16
2 44 16
2 43 16
2 42 16
2 41 16
2 32 16
6 28 16
0 48 16
1 25 14
1 25 15
1 25 16
1 25 17
1 25 18
1 25 19
1 25 20
4 25 21
6 24 21
1 24 22
1 24 23
1 24 24
1 24 25
1 24 26
1 24 27
1 24 28
3 24 29
1 25 12
1 27 8
1 27 9
1 27 10
4 27 11
2 26 11
6 25 11
1 25 13
-1
-1
-1
-1
-1
-1
-1
-1
-1
-1
-1
-1
-1
-1
-1
-1
-1
-1
-1
-1
-1
-1
-1
-1
-1
-1
-1
-1
-1
-1
-1
-1
-1
-1
-1
-1
-1
-1
-1
0 27 7
2 21 35
2 22 35
2 23 35
2 24 35
4 25 35
1 25 34
1 25 33
1 25 32
1 25 31
1 25 30
2 17 39
2 18 39
2 19 39
4 20 39
1 20 38
1 20 37
1 20 36
6 20 35
2 11 39
2 12 39
2 13 39
2 14 39
2 15 39
6 10 39
2 16 39
2 7 42
2 8 42
2 9 42
4 10 42
1 10 41
1 10 40
2 4 44
2 5 44
4 6 44
1 6 43
1 3 46
1 3 45
6 3 44
6 6 42
-1
-1
-1
-1
-1
-1
-1
-1
-1
-1
-1
-1
-1
0 3 47
-1
-1
-1
-1
-1
-1
-1
-1
-1
-1
-1
-1
-1
-1
-1
-1
-1
-1
-1
-1
-1
0 28 16
-1
-1
-1
-1
-1
-1
-1
-1
-1
-1
-1
-1
-1
-1
-1
0 6 42
-1
-1
-1
-1
-1
-1
-1
-1
-1
-1
-1
-1
0 10 40
1 48 4
1 48 5
1 48 6
1 48 7
1 48 8
1 48 9
1 48 10
1 48 11
1 48 12
1 48 13
1 48 14
1 48 15
0 48 3
1 48 18
1 48 17
2 45 20
2 46 20
2 47 20
4 48 20
1 48 19
-1
0 44 20
1 26 32
1 26 31
1 26 30
5 26 29
-1
-1
-1
0 26 33
2 22 9
2 23 9
2 24 9
2 25 9
4 26 9
1 26 8
6 26 7
4 21 15
1 21 14
1 21 13
1 21 12
1 21 11
1 21 10
6 20 15
6 21 9
0 20 16
0 48 19
3 11 46
1 11 45
1 11 44
1 11 43
1 11 42
1 11 41
5 11 40
0 12 46
1 47 9
1 47 8
1 47 7
1 47 6
1 47 5
1 47 4
6 47 3
1 47 12
1 47 11
1 47 10
2 46 13
4 47 13
0 45 13
0 21 9
1 6 38
1 6 39
1 6 40
1 6 41
0 6 37
0 12 47
2 41 13
2 42 13
2 43 13
2 44 13
0 40 13
2 9 46
5 10 46
3 10 47
2 11 47
0 8 46
1 28 14
1 28 15
0 28 13
1 6 34
1 6 35
1 6 36
0 6 33
2 46 14
3 45 14
0 47 14
-1
-1
0 47 13
-1
-1
0 47 10
1 31 11
1 31 12
4 31 13
2 30 13
2 29 13
0 31 10
1 44 19
0 44 18
-1
0 3 44
2 38 13
2 39 13
0 37 13
3 26 35
1 26 34
0 27 35
1 40 14
0 40 15
2 31 35
2 30 35
2 29 35
2 28 35
0 32 35
1 35 34
4 35 35
2 34 35
2 33 35
0 35 33
1 35 31
1 35 32
0 35 30
0 36 30
2 2 33
2 3 33
2 4 33
2 5 33
0 1 33
1 28 6
4 28 7
0 28 5
5 28 3
1 28 4
0 27 3
0 25 13
1 6 29
1 6 30
1 6 31
1 6 32
0 6 28
2 5 25
5 6 25
1 6 26
1 6 27
0 4 25
1 15 45
4 15 46
2 14 46
2 13 46
0 15 44
3 16 45
5 16 44
0 17 45
0 28 19
1 29 22
1 29 21
1 29 20
5 29 19
0 29 23
2 30 23
0 31 23
0 25 22
1 38 8
1 38 9
1 38 10
1 38 11
4 38 12
6 37 12
0 38 7
2 37 7
0 36 7
2 9 28
2 8 28
2 7 28
0 10 28
1 10 26
1 10 27
0 10 25
1 31 18
1 31 19
1 31 20
1 31 21
1 31 22
0 31 17
1 1 38
1 1 37
1 1 36
1 1 35
1 1 34
0 1 39
0 32 16
2 18 7
2 19 7
2 20 7
5 21 7
1 21 8
0 17 7
5 32 34
0 31 34
2 33 17
2 32 17
0 34 17
2 45 2
2 46 2
2 47 2
5 48 2
0 44 2
5 36 4
1 36 5
1 36 6
0 35 4
4 49 21
1 49 20
5 49 19
0 48 21
1 49 11
1 49 12
1 49 13
1 49 14
1 49 15
4 49 16
0 49 10
2 11 12
2 12 12
2 13 12
2 14 12
2 15 12
2 16 12
4 17 12
1 17 11
1 17 10
1 17 9
1 17 8
0 10 12
0 9 12
2 7 9
2 8 9
5 9 9
1 9 10
1 9 11
0 6 9
1 6 5
1 6 6
1 6 7
1 6 8
0 6 4
0 5 4
0 41 16
4 8 33
2 7 33
0 8 32
1 29 32
4 29 33
2 28 33
2 27 33
0 29 31
0 16 39
2 18 40
2 17 40
3 16 40
0 19 40
0 25 11
1 31 25
1 31 24
0 31 26
4 11 37
2 10 37
2 9 37
2 8 37
2 7 37
0 11 36
3 34 20
1 34 19
1 34 18
0 35 20
2 28 27
2 29 27
2 30 27
4 31 27
0 27 27
0 20 35
5 20 32
1 20 33
1 20 34
0 19 32
0 20 15
2 38 34
2 37 34
3 36 34
5 36 33
0 39 34
4 39 35
0 38 35
4 27 38
1 27 37
1 27 36
0 26 38
2 27 16
0 26 16
2 2 22
2 3 22
5 4 22
1 4 23
1 4 24
0 1 22
1 32 40
1 32 39
1 32 38
1 32 37
1 32 36
0 32 41
2 10 4
2 9 4
2 8 4
2 7 4
0 11 4
2 17 19
2 18 19
2 19 19
4 20 19
1 20 18
1 20 17
0 16 19
2 39 46
2 38 46
2 37 46
2 36 46
2 35 46
2 34 46
2 33 46
3 32 46
1 32 45
1 32 44
1 32 43
1 32 42
0 40 46
1 43 45
4 43 46
2 42 46
2 41 46
0 43 44
1 1 17
1 1 18
1 1 19
1 1 20
1 1 21
0 1 16
1 22 29
1 22 30
4 22 31
2 21 31
2 20 31
6 19 31
0 22 28
2 1 2
2 2 2
2 3 2
2 4 2
5 5 2
1 5 3
0 0 2
1 10 44
4 10 45
2 9 45
6 8 45
0 10 43
3 10 17
1 10 16
1 10 15
1 10 14
1 10 13
0 11 17
-1
-1
-1
-1
-1
-1
-1
-1
-1
-1
-1
-1
-1
-1
-1
-1
-1
-1
-1
-1
-1
-1
-1
-1
-1
-1
-1
-1
-1
-1
-1
-1
-1
-1
-1
-1
-1
-1
-1
-1
-1
-1
-1
-1
-1
-1
-1
-1
-1
-1
-1
-1
-1
-1
-1
-1
-1
-1
-1
-1
-1
-1
-1
-1
-1
-1
-1
-1
-1
-1
-1
-1
-1
-1
-1
-1
-1
-1
-1
-1
-1
-1
-1
-1
-1
-1
-1
-1
-1
-1
-1
-1
-1
-1
-1
-1
-1
-1
-1
-1
-1
-1
-1
-1
-1
-1
-1
-1
-1
-1
-1
-1
-1
-1
-1
-1
-1
-1
-1
-1
-1
-1
-1
-1
-1
-1
-1
-1
-1
-1
-1
-1
-1
-1
-1
-1
-1
-1
-1
-1
-1
-1
-1
-1
-1
-1
-1
-1
-1
-1
-1
-1
-1
-1
-1
-1
-1
-1
-1
-1
-1
-1
-1
-1
-1
-1
-1
-1
-1
-1
-1
-1
-1
-1
-1
-1
-1
-1
-1
-1
-1
-1
-1
-1
-1
-1
-1
-1
-1
-1
-1
-1
-1
-1
-1
-1
-1
-1
-1
-1
-1
-1
-1
-1
-1
-1
-1
-1
-1
-1
-1
-1
