0 11 44
1 12 42
1 12 43
4 12 44
1 13 26
1 13 27
1 13 28
1 13 29
1 13 30
1 13 31
1 13 32
1 13 33
1 13 34
1 13 35
1 13 36
1 13 37
1 13 38
1 13 39
1 13 40
4 13 41
1 13 25
6 12 41
0 13 24
-1
2 8 45
-1
2 9 45
-1
2 10 45
-1
4 11 45
-1
4 7 48
-1
1 7 47
-1
1 7 46
-1
2 6 48
-1
-1
6 7 45
-1
-1
-1
-1
-1
-1
-1
-1
-1
-1
-1
-1
-1
-1
-1
-1
-1
-1
-1
-1
-1
-1
-1
-1
-1
-1
-1
-1
-1
-1
-1
-1
-1
-1
-1
-1
-1
-1
-1
-1
-1
-1
-1
-1
-1
-1
-1
-1
-1
-1
-1
-1
-1
-1
-1
-1
-1
-1
-1
-1
-1
-1
-1
-1
-1
-1
-1
-1
-1
-1
-1
-1
-1
-1
-1
-1
-1
-1
-1
-1
-1
-1
-1
-1
-1
-1
-1
-1
-1
-1
-1
-1
-1
-1
-1
-1
-1
-1
-1
-1
-1
-1
-1
0 5 48
1 16 23
-1
4 16 24
2 15 24
2 14 24
1 32 21
-1
4 32 22
2 31 22
2 30 22
2 29 22
-1
2 28 22
2 27 22
2 26 22
2 25 22
-1
2 24 22
2 23 22
2 22 22
2 21 22
-1
2 20 22
2 19 22
2 18 22
2 17 22
-1
6 16 22
-1
-1
-1
-1
-1
-1
-1
-1
-1
-1
-1
-1
-1
-1
-1
-1
-1
-1
-1
-1
-1
-1
-1
-1
-1
-1
-1
-1
-1
-1
-1
-1
-1
-1
-1
-1
-1
-1
-1
-1
-1
-1
-1
-1
-1
-1
-1
-1
-1
-1
-1
-1
-1
-1
-1
-1
-1
-1
-1
-1
-1
0 32 20
2 35 20
2 34 20
2 33 20
4 37 20
2 36 20
-1
-1
-1
-1
-1
-1
-1
-1
-1
-1
-1
-1
-1
-1
-1
-1
-1
-1
-1
-1
-1
-1
-1
0 37 19
-1
-1
-1
-1
-1
-1
-1
-1
-1
-1
-1
-1
-1
-1
-1
-1
-1
-1
-1
-1
-1
0 12 41
2 41 19
2 40 19
2 39 19
2 38 19
1 42 20
5 42 19
2 44 23
2 43 23
3 42 23
1 42 22
1 42 21
-1
-1
-1
-1
-1
-1
-1
-1
-1
-1
-1
0 45 23
4 12 26
1 12 25
6 12 24
2 10 29
4 11 29
1 11 28
1 11 27
6 11 26
-1
-1
-1
-1
-1
-1
-1
-1
0 9 29
1 15 48
4 15 49
2 14 49
2 13 49
2 12 49
2 11 49
2 10 49
2 9 49
2 8 49
2 7 49
2 6 49
3 5 49
1 16 44
1 16 45
1 16 46
4 16 47
6 15 47
1 17 40
1 17 41
1 17 42
4 17 43
1 18 37
1 18 38
4 18 39
1 18 31
1 18 32
1 18 33
1 18 34
1 18 35
1 18 36
6 17 39
6 16 43
0 18 30
1 32 17
1 32 18
1 32 19
1 32 13
1 32 14
1 32 15
1 32 16
2 30 12
2 31 12
2 22 10
2 23 10
2 24 10
2 25 10
2 26 10
2 27 10
2 28 10
5 29 10
1 29 11
3 29 12
5 32 12
0 21 10
0 16 43
-1
-1
0 42 21
1 5 41
1 5 42
1 5 43
1 5 44
1 5 45
1 5 46
1 5 47
2 4 39
5 5 39
1 5 40
0 3 39
1 45 27
1 45 26
1 45 25
1 45 24
3 45 34
1 45 33
1 45 32
1 45 31
1 45 30
1 45 29
1 45 28
0 46 34
4 3 43
1 3 42
1 3 41
1 3 40
0 2 43
4 23 9
2 22 9
6 21 9
0 23 8
2 39 33
2 40 33
2 41 33
2 42 33
2 43 33
5 44 33
1 44 34
3 44 35
2 45 35
4 46 35
0 38 33
0 17 39
-1
-1
-1
-1
0 11 26
-1
-1
-1
-1
0 7 45
2 45 38
2 46 38
4 47 38
1 47 37
1 47 36
1 47 35
5 47 34
0 44 38
2 6 28
2 7 28
2 8 28
5 9 28
0 5 28
0 45 28
5 13 22
1 13 23
-1
0 12 22
2 42 38
2 43 38
4 41 43
1 41 42
1 41 41
1 41 40
1 41 39
6 41 38
1 40 44
6 40 43
0 40 45
2 15 31
2 16 31
4 17 31
6 17 30
0 14 31
0 32 12
2 24 15
2 23 15
2 22 15
3 21 15
1 21 14
1 21 13
1 21 12
1 21 11
0 25 15
0 18 36
2 10 33
3 9 33
1 9 32
1 9 31
1 9 30
0 11 33
0 40 43
1 5 22
1 5 23
1 5 24
1 5 25
1 5 26
1 5 27
0 5 21
0 42 19
0 16 22
0 32 16
0 13 25
0 36 20
-1
-1
0 29 12
1 19 40
1 19 39
1 19 38
1 19 37
5 19 36
1 19 46
1 19 45
1 19 44
1 19 43
1 19 42
1 19 41
0 19 47
2 20 25
2 19 25
2 18 25
2 17 25
2 16 25
2 15 25
2 14 25
0 21 25
1 4 36
1 4 37
4 4 38
6 3 38
0 4 35
0 5 40
2 24 33
2 23 33
2 22 33
2 21 33
2 20 33
3 19 33
1 19 32
1 19 31
5 19 30
0 25 33
5 5 17
1 5 18
1 5 19
1 5 20
0 4 17
1 37 7
1 37 8
1 37 9
1 37 10
1 37 11
4 37 12
2 36 12
2 35 12
2 34 12
2 33 12
1 37 5
1 37 6
0 37 4
0 19 41
2 1 10
2 2 10
2 3 10
5 4 10
1 4 11
1 4 12
1 4 13
1 4 14
1 4 15
1 4 16
0 0 10
-1
-1
-1
-1
-1
-1
-1
-1
-1
-1
-1
-1
-1
-1
-1
-1
-1
-1
-1
-1
-1
-1
-1
-1
-1
-1
-1
-1
-1
-1
-1
-1
-1
-1
-1
-1
-1
-1
-1
-1
-1
-1
-1
-1
-1
-1
-1
-1
-1
-1
-1
-1
-1
-1
-1
-1
-1
-1
-1
-1
-1
-1
-1
-1
-1
-1
-1
-1
-1
-1
-1
-1
-1
-1
-1
-1
-1
-1
-1
-1
-1
-1
-1
-1
-1
-1
-1
-1
-1
-1
-1
-1
-1
-1
-1
-1
-1
-1
-1
-1
-1
-1
-1
-1
-1
-1
-1
-1
-1
-1
-1
-1
-1
-1
-1
-1
-1
-1
-1
-1
-1
-1
-1
-1
-1
-1
-1
-1
-1
-1
-1
-1
-1
-1
-1
-1
-1
-1
-1
-1
-1
-1
-1
-1
-1
-1
-1
-1
-1
-1
-1
-1
-1
-1
-1
-1
-1
-1
-1
-1
-1
-1
-1
-1
-1
-1
-1
-1
-1
-1
-1
-1
-1
-1
-1
-1
-1
-1
-1
-1
-1
-1
-1
-1
-1
-1
-1
-1
-1
-1
-1
-1
-1
-1
-1
-1
-1
-1
-1
-1
-1
-1
-1
-1
-1
-1
-1
-1
-1
-1
-1
-1
-1
-1
-1
-1
-1
-1
-1
-1
-1
-1
-1
-1
-1
-1
-1
-1
