# money = 450672
# income = 2630
2 30 49
2 29 49
2 28 49
2 27 49
2 26 49
2 25 49
2 24 49
2 23 49
2 22 49
2 21 49
2 20 49
2 19 49
2 18 49
2 17 49
2 16 49
2 15 49
2 14 49
2 13 49
2 12 49
2 11 49
2 10 49
2 9 49
2 8 49
2 7 49
2 6 49
2 5 49
2 4 49
2 3 49
2 2 49
3 1 49
1 1 48
1 1 47
1 1 46
1 1 45
1 1 44
1 1 43
1 1 42
1 1 41
1 1 40
1 1 39
1 1 38
1 1 37
1 1 36
1 1 35
1 1 34
1 1 33
1 1 32
1 1 31
1 1 30
1 1 29
1 1 28
1 1 27
1 1 26
1 1 25
1 1 24
1 1 23
1 1 22
1 1 21
1 1 20
1 1 19
1 1 18
1 1 17
1 1 16
1 1 15
1 1 14
1 1 13
1 1 12
0 1 11
0 31 49
-1
-1
-1
-1
-1
-1
-1
-1
-1
-1
-1
-1
-1
-1
-1
-1
-1
-1
-1
-1
-1
-1
-1
-1
-1
-1
-1
-1
-1
-1
-1
-1
-1
-1
-1
-1
-1
-1
-1
-1
-1
-1
-1
-1
-1
-1
-1
-1
-1
-1
-1
-1
-1
-1
-1
-1
-1
-1
-1
-1
-1
-1
-1
-1
-1
-1
-1
-1
-1
-1
-1
-1
-1
-1
-1
-1
-1
-1
-1
-1
-1
-1
-1
-1
-1
-1
-1
-1
-1
-1
-1
-1
-1
-1
-1
-1
-1
-1
-1
-1
-1
-1
-1
-1
-1
-1
-1
-1
-1
-1
-1
-1
-1
-1
-1
-1
-1
-1
-1
-1
-1
-1
-1
-1
-1
-1
-1
-1
-1
-1
-1
-1
-1
-1
-1
-1
-1
-1
-1
-1
-1
-1
-1
-1
-1
-1
-1
-1
-1
-1
-1
-1
-1
-1
-1
-1
-1
-1
-1
-1
-1
-1
-1
-1
-1
-1
-1
-1
-1
-1
-1
-1
-1
-1
-1
-1
-1
-1
-1
-1
-1
-1
-1
-1
-1
2 2 11
2 3 11
2 4 11
2 5 11
2 6 11
2 7 11
2 8 11
2 9 11
2 10 11
5 11 11
1 11 12
1 11 13
0 11 14
2 32 49
2 33 49
2 34 49
2 35 49
2 36 49
2 37 49
2 38 49
4 39 49
1 39 48
1 39 47
0 39 46
-1
-1
-1
-1
-1
-1
-1
-1
-1
-1
-1
-1
-1
-1
-1
-1
-1
-1
-1
-1
-1
-1
-1
-1
-1
-1
-1
-1
-1
-1
-1
-1
-1
-1
-1
-1
-1
-1
-1
-1
-1
-1
-1
-1
-1
-1
-1
-1
-1
-1
-1
-1
-1
-1
-1
-1
-1
-1
-1
-1
-1
-1
-1
-1
-1
-1
-1
-1
-1
-1
-1
-1
-1
4 11 15
2 10 15
0 9 15
4 40 46
1 40 45
1 40 44
1 40 43
1 40 42
0 40 41
-1
-1
-1
-1
-1
-1
-1
-1
-1
-1
-1
-1
-1
-1
-1
-1
-1
-1
-1
-1
-1
-1
3 38 46
1 38 45
0 38 44
-1
-1
-1
-1
-1
-1
-1
-1
-1
-1
-1
-1
-1
-1
-1
-1
-1
-1
-1
-1
1 9 16
4 9 17
2 8 17
2 7 17
0 6 17
-1
-1
-1
-1
-1
-1
-1
-1
-1
-1
-1
-1
-1
-1
-1
2 39 41
2 38 41
2 37 41
3 36 41
1 36 40
1 36 39
0 36 38
-1
-1
-1
-1
-1
-1
-1
-1
3 6 18
2 7 18
2 8 18
0 9 18
-1
-1
-1
-1
-1
-1
-1
-1
-1
-1
-1
2 10 18
2 11 18
2 12 18
2 13 18
2 14 18
2 15 18
2 16 18
2 17 18
2 18 18
2 19 18
2 20 18
2 21 18
2 22 18
2 23 18
2 24 18
5 25 18
1 25 19
0 25 20
1 36 37
1 36 36
1 36 35
1 36 34
1 36 33
1 36 32
1 36 31
0 36 30
-1
-1
-1
-1
-1
-1
3 9 19
2 10 19
0 11 19
2 41 41
5 42 41
1 42 42
1 42 43
1 42 44
0 42 45
4 25 21
2 24 21
0 23 21
-1
-1
1 42 46
1 42 47
0 42 48
-1
-1
-1
-1
-1
-1
-1
-1
-1
4 26 20
1 26 19
1 26 18
5 26 17
2 25 17
2 24 17
3 23 17
1 23 16
0 23 15
6 40 40
2 41 40
2 42 40
4 43 40
0 43 39
6 5 17
1 5 18
3 5 19
2 6 19
0 7 19
3 8 15
1 8 14
1 8 13
0 8 12
2 37 38
2 38 38
4 39 38
1 39 37
1 39 36
0 39 35
6 35 30
1 35 31
4 35 32
2 34 32
2 33 32
2 32 32
2 31 32
2 30 32
2 29 32
2 28 32
0 27 32
6 37 44
1 37 45
1 37 46
0 37 47
2 26 32
2 25 32
2 24 32
2 23 32
2 22 32
2 21 32
2 20 32
2 19 32
2 18 32
3 17 32
1 17 31
1 17 30
0 17 29
5 12 14
1 12 15
1 12 16
0 12 17
2 35 38
2 34 38
2 33 38
3 32 38
0 32 37
1 7 20
4 7 21
0 6 21
5 6 16
2 5 16
6 4 16
4 4 17
2 3 17
0 2 17
2 37 30
2 38 30
2 39 30
4 40 30
1 40 29
0 40 28
2 41 28
4 42 28
1 42 27
1 42 26
1 42 25
1 42 24
1 42 23
1 42 22
0 42 21
2 24 15
2 25 15
4 26 15
1 26 14
1 26 13
1 26 12
1 26 11
0 26 10
5 38 43
2 37 43
2 36 43
0 35 43
2 25 10
2 24 10
2 23 10
2 22 10
2 21 10
2 20 10
2 19 10
2 18 10
0 17 10
5 43 21
1 43 22
1 43 23
1 43 24
0 43 25
2 5 21
2 4 21
0 3 21
6 1 10
2 2 10
2 3 10
2 4 10
2 5 10
4 6 10
1 6 9
1 6 8
1 6 7
1 6 6
0 6 5
1 3 22
1 3 23
1 3 24
1 3 25
1 3 26
1 3 27
1 3 28
4 3 29
0 2 29
6 27 31
2 28 31
4 29 31
1 29 30
1 29 29
1 29 28
0 29 27
2 28 27
2 27 27
0 26 27
6 31 37
1 31 38
1 31 39
1 31 40
4 31 41
0 30 41
2 44 25
2 45 25
2 46 25
5 47 25
0 47 26
6 16 29
1 16 30
1 16 31
1 16 32
1 16 33
1 16 34
1 16 35
1 16 36
1 16 37
1 16 38
4 16 39
2 15 39
0 14 39
1 47 27
1 47 28
1 47 29
1 47 30
1 47 31
4 47 32
2 46 32
0 45 32
6 7 12
1 7 13
4 7 14
2 6 14
0 5 14
-1
-1
-1
-1
-1
-1
-1
-1
-1
-1
-1
-1
-1
-1
-1
-1
-1
-1
-1
-1
-1
-1
-1
-1
-1
-1
-1
-1
-1
-1
-1
-1
-1
-1
-1
-1
-1
-1
-1
-1
-1
-1
-1
-1
-1
-1
-1
-1
-1
-1
-1
-1
-1
-1
-1
-1
-1
-1
-1
-1
-1
-1
-1
-1
-1
-1
-1
-1
-1
-1
-1
-1
-1
-1
-1
-1
-1
-1
-1
-1
-1
-1
-1
-1
-1
-1
-1
-1
-1
-1
-1
-1
-1
-1
-1
-1
-1
-1
-1
-1
-1
