# yaki_cnt = 18290
0 7 34
4 8 34
1 8 33
2 9 32
2 10 32
2 11 32
2 12 32
1 13 31
1 13 30
1 13 29
6 13 28
1 14 27
1 14 26
1 14 25
1 14 24
1 14 23
1 14 21
2 15 20
2 16 20
4 17 20
6 17 19
6 14 20
1 14 22
4 14 28
2 19 19
2 20 19
2 21 19
2 22 19
2 23 19
2 18 19
4 13 32
2 25 19
2 26 19
2 27 19
2 28 19
2 24 19
1 29 18
1 29 17
1 29 16
1 29 15
2 30 14
6 29 14
4 29 19
6 8 32
0 31 14
2 32 14
1 33 15
1 33 16
3 33 17
5 34 17
2 35 18
1 36 19
1 36 20
2 37 21
2 38 21
2 39 21
2 40 21
3 36 21
5 36 18
3 34 18
5 33 14
-1
-1
-1
-1
-1
-1
-1
-1
-1
-1
-1
-1
-1
-1
-1
-1
-1
-1
-1
-1
-1
-1
-1
-1
-1
-1
-1
-1
-1
-1
-1
-1
-1
-1
-1
-1
-1
-1
-1
-1
-1
-1
-1
-1
-1
-1
-1
-1
-1
-1
-1
0 41 21
3 6 34
5 6 33
3 5 33
1 5 32
1 5 31
1 5 29
1 5 28
1 5 27
5 5 26
3 4 26
3 3 25
1 3 24
1 3 23
1 3 22
1 3 21
5 4 25
1 5 30
2 2 20
3 1 20
1 1 19
1 1 18
1 1 17
1 1 16
1 1 15
5 3 20
-1
-1
-1
-1
-1
-1
-1
-1
-1
-1
-1
-1
-1
-1
-1
0 1 14
4 41 22
2 40 22
2 39 22
2 38 22
6 37 22
1 37 23
-1
-1
-1
-1
-1
-1
-1
-1
-1
-1
-1
-1
-1
-1
0 37 24
1 7 35
1 7 36
1 7 37
1 7 39
1 7 40
1 7 41
4 7 42
6 6 42
1 6 43
1 7 38
4 6 45
6 5 45
4 5 46
6 4 46
4 4 47
6 3 47
1 6 44
-1
-1
0 3 48
1 31 13
5 31 12
2 30 12
2 29 12
2 28 12
2 27 12
2 26 12
2 25 12
-1
-1
-1
0 24 12
5 24 11
3 22 11
1 22 10
2 21 9
3 20 9
5 20 8
5 19 7
3 18 7
1 18 6
1 18 5
2 17 4
2 16 4
2 15 4
2 14 4
5 18 4
3 19 8
5 22 9
2 23 11
0 13 4
-1
0 3 20
3 36 24
5 36 23
2 35 23
2 34 23
-1
-1
-1
0 33 23
2 42 21
2 43 21
1 44 20
1 44 19
1 44 18
1 44 17
1 44 16
1 44 15
1 44 14
1 44 12
1 44 13
4 44 21
0 44 11
-1
0 29 19
6 1 13
4 2 13
1 2 11
1 2 10
1 2 9
1 2 12
0 2 8
2 43 11
2 42 11
2 41 11
2 40 11
2 39 11
2 38 11
6 37 11
0 37 12
-1
0 34 18
1 37 25
1 37 26
1 37 27
1 37 28
1 37 29
3 37 30
5 38 30
3 38 31
5 39 31
3 39 33
2 40 33
1 39 32
0 41 33
0 24 19
0 6 44
1 41 34
1 41 35
1 41 37
1 41 38
1 41 39
1 41 40
3 41 41
2 42 41
5 43 41
3 43 42
5 44 42
1 41 36
0 44 43
0 33 14
0 4 25
0 12 32
4 44 44
6 43 44
1 43 45
1 43 46
0 43 47
0 44 21
2 4 20
2 5 20
2 6 20
0 7 20
2 2 14
2 3 14
2 4 14
0 5 14
0 5 30
3 36 12
1 36 11
1 36 10
1 36 9
0 36 8
0 8 32
0 42 47
3 35 8
1 35 7
0 35 6
0 44 16
1 44 10
0 44 9
1 33 24
0 33 25
1 33 26
0 33 27
2 34 6
2 33 6
0 32 6
0 36 21
2 12 4
6 11 4
4 11 5
6 10 5
4 10 6
0 9 6
0 18 4
0 19 8
0 7 38
0 19 19
0 22 9
0 45 16
0 2 12
1 41 20
1 41 19
0 41 18
0 1 17
0 38 31
5 8 20
3 8 21
0 9 21
2 34 27
0 35 27
5 7 44
3 7 45
2 8 45
2 9 45
0 10 45
0 36 18
2 4 30
2 3 30
0 2 30
0 2 29
0 25 19
1 33 28
1 33 29
1 33 30
0 33 31
2 32 31
2 31 31
2 30 31
2 29 31
2 28 31
0 27 31
1 27 30
0 27 29
1 32 7
1 32 8
1 32 9
0 32 10
0 4 47
1 27 32
0 27 33
1 27 34
0 27 35
1 27 36
1 27 37
0 27 38
1 27 39
0 27 40
1 44 8
1 44 7
0 44 6
4 45 6
1 45 5
6 45 4
4 46 4
6 46 3
4 47 3
0 47 2
1 2 28
1 2 27
0 2 26
1 7 19
1 7 18
0 7 17
2 31 6
6 30 6
4 30 7
2 29 7
0 28 7
1 28 6
1 28 5
1 28 4
0 28 3
1 9 5
1 9 4
1 9 3
0 9 2
0 14 28
0 41 36
1 27 41
1 27 42
0 27 43
1 13 5
3 13 6
5 14 6
0 14 7
1 14 8
1 14 9
0 14 10
0 2 31
0 18 19
1 33 32
1 33 33
1 33 34
0 33 35
4 28 29
1 28 28
0 28 27
1 25 20
1 25 21
0 25 22
0 41 39
0 14 26
2 13 26
2 12 26
0 11 26
6 13 10
1 13 11
1 13 12
1 13 13
0 13 14
1 2 32
1 2 33
1 2 34
1 2 35
0 2 36
1 13 15
0 13 16
2 8 2
2 7 2
2 6 2
0 5 2
0 14 23
2 42 36
2 43 36
2 44 36
0 45 36
0 22 10
1 10 46
0 10 47
2 11 47
0 12 47
2 13 47
2 14 47
0 15 47
1 24 13
1 24 14
0 24 15
2 27 3
6 26 3
0 26 4
2 14 14
2 15 14
2 16 14
2 17 14
0 18 14
0 46 36
3 46 2
5 46 1
3 45 1
0 45 0
4 36 6
1 36 5
1 36 4
1 36 3
0 36 2
2 37 2
4 38 2
6 38 1
0 39 1
1 12 33
1 12 34
1 12 35
0 12 36
2 13 36
2 14 36
0 15 36
2 16 36
2 17 36
0 18 36
1 5 13
1 5 12
6 5 11
0 6 11
1 15 37
1 15 38
1 15 39
1 15 40
0 15 41
3 44 22
2 45 22
2 46 22
0 47 22
1 39 2
3 39 3
0 40 3
1 38 32
1 38 33
0 38 34
2 6 14
2 7 14
2 8 14
0 9 14
1 19 20
1 19 21
1 19 22
0 19 23
2 25 15
2 26 15
0 27 15
1 27 44
1 27 45
0 27 46
1 27 47
1 27 48
0 27 49
1 41 17
1 41 16
0 41 15
1 2 37
1 2 38
1 2 39
1 2 40
1 2 41
0 2 42
2 4 2
2 3 2
2 2 2
0 1 2
3 33 36
5 34 36
1 34 37
1 34 38
0 34 39
2 46 16
2 47 16
0 48 16
0 28 43
2 26 43
2 25 43
2 24 43
2 23 43
0 22 43
1 22 44
1 22 45
1 22 46
1 22 47
0 22 48
6 26 29
4 26 30
2 25 30
0 24 30
5 18 3
0 17 3
4 47 36
1 47 35
1 47 34
0 47 33
2 45 43
2 46 43
2 47 43
0 48 43
5 38 24
3 38 25
2 39 25
0 40 25
-1
-1
-1
-1
-1
-1
-1
-1
-1
-1
-1
-1
-1
-1
-1
-1
-1
-1
-1
-1
-1
-1
-1
-1
-1
-1
-1
-1
-1
-1
-1
-1
-1
-1
-1
-1
-1
-1
-1
-1
-1
-1
-1
-1
-1
-1
-1
-1
-1
-1
-1
-1
-1
-1
-1
-1
-1
-1
-1
-1
-1
-1
-1
-1
-1
-1
-1
-1
-1
-1
-1
-1
-1
-1
-1
-1
-1
-1
-1
-1
-1
-1
-1
-1
-1
-1
-1
-1
-1
-1
-1
-1
-1
-1
-1
-1
-1
-1
-1
-1
-1
-1
-1
-1
-1
-1
-1
-1
-1
-1
-1
-1
-1
-1
-1
-1
-1
-1
-1
-1
-1
-1
-1
-1
-1
-1
-1
-1
-1
-1
-1
-1
-1
-1
-1
-1
-1
-1
-1
-1
-1
-1
-1
-1
-1
-1
-1
-1
-1
-1
-1
-1
-1
-1
-1
-1
-1
-1
-1
-1
-1
-1
-1
-1
-1
-1
-1
-1
-1
-1
-1
-1
-1
-1
-1
-1
-1
-1
-1
-1
-1
-1
-1
-1
-1
-1
-1
-1
-1
-1
-1
-1
-1
-1
-1
-1
-1
