# yaki_cnt = 24080
# Score = 1981921
0 19 9
1 19 10
1 19 11
1 19 13
1 19 14
1 19 12
1 19 16
1 19 17
1 19 18
1 19 19
1 19 20
1 19 22
1 19 23
1 19 24
1 19 25
1 19 26
1 19 27
1 19 21
1 19 29
1 19 30
1 19 28
2 20 31
5 21 31
1 21 32
3 21 33
5 22 33
3 19 31
1 19 15
0 22 34
3 18 9
2 17 8
2 16 8
2 15 8
2 14 8
3 13 8
5 18 8
-1
-1
-1
-1
-1
-1
-1
-1
-1
-1
-1
-1
-1
-1
-1
-1
-1
-1
-1
-1
-1
-1
-1
0 13 7
2 23 34
2 24 34
2 25 34
2 26 34
2 27 34
2 28 34
2 29 34
2 30 34
-1
-1
-1
-1
-1
-1
-1
-1
-1
-1
-1
-1
-1
-1
-1
-1
-1
-1
-1
-1
-1
-1
-1
-1
-1
-1
-1
-1
-1
-1
-1
-1
-1
-1
-1
-1
0 31 34
2 20 9
2 21 9
2 22 9
4 23 9
6 23 8
-1
-1
-1
-1
-1
-1
-1
-1
-1
-1
-1
-1
-1
-1
-1
-1
-1
-1
-1
0 24 8
4 22 35
6 21 35
1 21 36
4 21 37
2 20 37
4 19 38
6 18 38
1 18 39
1 18 40
4 18 41
6 19 37
2 17 41
-1
-1
-1
-1
-1
-1
0 16 41
2 21 34
3 20 34
5 20 33
2 19 33
2 17 33
2 16 33
2 15 33
2 14 33
5 13 32
3 12 32
5 12 31
2 11 31
2 10 31
2 9 31
2 8 31
3 7 31
5 7 30
3 13 33
1 6 29
1 6 28
3 6 30
2 18 33
2 5 27
2 4 27
5 6 27
0 3 27
-1
-1
0 19 15
6 19 8
4 20 8
1 20 7
1 20 6
1 20 5
1 20 4
1 20 3
-1
0 20 2
5 31 33
2 30 33
2 29 33
3 28 33
1 28 32
1 28 31
1 28 30
1 28 28
1 28 27
1 28 26
1 28 25
1 28 29
0 28 24
-1
-1
0 19 31
1 31 35
1 31 36
1 31 37
2 30 38
2 29 38
2 28 38
2 27 38
2 25 38
2 26 38
4 31 38
0 24 38
1 24 7
1 24 6
0 24 5
6 12 7
1 12 8
3 12 9
2 13 9
2 14 9
2 15 9
0 16 9
-1
-1
-1
0 28 29
1 24 9
4 24 10
2 23 10
6 22 10
0 22 11
2 27 29
6 26 29
1 26 30
1 26 31
1 26 32
0 26 33
2 23 11
2 24 11
2 25 11
2 26 11
0 27 11
2 14 7
2 15 7
4 16 7
1 16 6
0 16 5
-1
0 6 29
5 13 6
5 12 5
2 11 5
3 10 5
5 10 4
2 9 4
3 8 4
5 8 3
3 12 6
0 7 3
0 13 33
0 18 40
1 16 42
3 16 43
5 17 43
3 17 44
0 18 44
0 31 38
5 20 15
3 20 16
5 21 16
0 21 17
0 19 37
2 32 38
2 33 38
2 34 38
0 35 38
0 7 31
4 18 45
6 17 45
4 17 46
6 16 46
0 16 47
0 25 8
0 19 12
6 23 5
4 23 6
2 22 6
0 21 6
0 19 21
1 16 10
4 16 11
0 15 11
0 19 27
6 27 24
1 27 25
0 27 26
0 7 2
2 25 33
3 24 33
1 24 32
0 24 31
0 18 33
1 24 39
1 24 40
0 24 41
0 24 30
0 26 38
2 21 2
2 22 2
0 23 2
0 10 5
5 22 17
3 22 18
2 23 18
0 24 18
2 25 18
2 26 18
0 27 18
4 15 12
2 14 12
2 13 12
2 12 12
0 11 12
5 11 11
2 10 11
3 9 11
5 9 10
0 8 10
5 8 9
2 7 9
2 6 9
2 5 9
0 4 9
2 18 27
2 17 27
2 16 27
2 15 27
0 14 27
5 14 26
3 13 26
1 13 25
0 13 24
2 14 24
0 15 24
2 12 24
2 11 24
2 10 24
0 9 24
2 15 47
2 14 47
0 13 47
1 26 37
1 26 36
0 26 35
2 28 18
2 29 18
2 30 18
2 31 18
2 32 18
0 33 18
2 34 18
0 35 18
0 12 47
2 20 27
2 21 27
0 22 27
2 15 41
2 14 41
2 13 41
2 12 41
2 11 41
0 10 41
5 10 40
2 9 40
2 8 40
0 7 40
1 11 13
1 11 14
0 11 15
1 11 16
1 11 17
0 11 18
1 7 41
1 7 42
1 7 43
1 7 44
0 7 45
0 6 40
1 24 17
0 24 16
2 36 18
0 37 18
2 36 38
2 37 38
2 38 38
2 39 38
2 40 38
2 41 38
0 42 38
1 42 39
1 42 40
1 42 41
1 42 42
1 42 43
1 42 44
1 42 45
1 42 46
1 42 47
3 42 48
0 43 48
2 44 48
2 45 48
2 46 48
2 47 48
0 48 48
0 48 47
3 19 2
1 19 1
0 19 0
0 17 8
4 32 34
6 32 33
0 33 33
1 13 34
1 13 35
1 13 36
3 13 37
0 14 37
2 18 15
0 17 15
2 28 11
2 29 11
2 30 11
2 31 11
0 32 11
1 32 10
1 32 9
1 32 8
1 32 7
0 32 6
1 32 5
1 32 4
6 32 3
0 33 3
1 3 26
1 3 25
1 3 24
1 3 23
1 3 22
6 3 21
0 4 21
4 29 29
1 29 28
6 29 27
2 30 27
0 31 27
3 31 28
2 32 28
2 33 28
2 34 28
0 35 28
6 4 20
2 5 20
0 6 20
0 16 4
6 35 37
2 36 37
2 37 37
4 38 37
0 38 36
3 37 19
2 38 19
2 39 19
0 40 19
4 43 38
6 43 37
2 44 37
2 45 37
2 46 37
4 47 37
1 47 36
0 47 35
4 43 49
2 42 49
2 41 49
2 40 49
2 39 49
0 38 49
1 31 39
1 31 40
1 31 41
1 31 42
1 31 43
1 31 44
0 31 45
-1
-1
-1
-1
-1
-1
-1
-1
-1
-1
-1
-1
-1
-1
-1
-1
-1
-1
-1
-1
-1
-1
-1
-1
-1
-1
-1
-1
-1
-1
-1
-1
-1
-1
-1
-1
-1
-1
-1
-1
-1
-1
-1
-1
-1
-1
-1
-1
-1
-1
-1
-1
-1
-1
-1
-1
-1
-1
-1
-1
-1
-1
-1
-1
-1
-1
-1
-1
-1
-1
-1
-1
-1
-1
-1
-1
-1
-1
-1
-1
-1
-1
-1
-1
-1
-1
-1
-1
-1
-1
-1
-1
-1
-1
-1
-1
-1
-1
-1
-1
-1
-1
-1
-1
-1
-1
-1
-1
-1
-1
-1
-1
-1
-1
-1
-1
-1
-1
-1
-1
-1
-1
-1
-1
-1
-1
-1
-1
-1
-1
-1
-1
-1
-1
-1
-1
-1
-1
-1
-1
-1
-1
-1
-1
-1
-1
-1
-1
-1
-1
-1
-1
-1
-1
-1
-1
-1
-1
-1
-1
-1
-1
-1
-1
-1
-1
-1
-1
-1
-1
-1
-1
-1
-1
-1
-1
-1
-1
-1
-1
-1
-1
-1
-1
-1
-1
-1
-1
-1
-1
-1
-1
-1
-1
-1
-1
-1
-1
-1
-1
-1
-1
-1
-1
-1
-1
-1
-1
-1
-1
-1
-1
-1
-1
-1
-1
-1
-1
-1
-1
-1
-1
-1
-1
-1
-1
-1
-1
-1
-1
-1
-1
-1
-1
-1
-1
-1
-1
-1
-1
-1
-1
-1
-1
-1
-1
-1
-1
-1
-1
-1
-1
-1
-1
-1
-1
-1
-1
-1
-1
-1
-1
-1
-1
-1
-1
-1
-1
-1
-1
-1
-1
-1
-1
-1
-1
-1
-1
-1
-1
-1
-1
-1
-1
-1
-1
-1
-1
-1
-1
-1
-1
-1
-1
-1
-1
-1
-1
-1
-1
-1
-1
-1
