# start_size = 43
# yaki_cnt = 1524790
# end_size = 43
0 30 31
2 35 31
2 34 31
2 33 31
2 32 31
2 31 31
0 36 31
5 30 25
1 30 26
1 30 27
1 30 28
1 30 29
1 30 30
-1
2 26 19
-1
-1
-1
-1
2 27 19
-1
-1
-1
-1
-1
2 28 19
-1
-1
-1
-1
5 29 19
-1
-1
-1
-1
-1
1 29 20
-1
-1
-1
-1
-1
1 29 21
-1
-1
-1
-1
1 29 22
-1
-1
-1
-1
-1
1 29 23
-1
-1
-1
-1
1 29 24
-1
-1
-1
-1
-1
2 22 3
-1
-1
-1
-1
2 23 3
-1
-1
-1
-1
-1
2 24 3
-1
-1
-1
-1
5 25 3
-1
-1
-1
-1
-1
1 25 4
-1
-1
-1
-1
-1
1 25 5
-1
-1
-1
-1
1 25 6
-1
-1
-1
-1
-1
1 25 7
-1
-1
-1
-1
1 25 8
-1
-1
-1
-1
-1
1 25 9
-1
-1
-1
-1
1 25 10
-1
-1
-1
-1
-1
1 25 11
-1
-1
-1
-1
1 25 12
-1
-1
-1
-1
-1
1 25 13
-1
-1
-1
-1
-1
1 25 14
-1
-1
-1
-1
1 25 15
-1
-1
-1
-1
-1
1 25 16
-1
-1
-1
-1
1 25 17
-1
-1
-1
-1
-1
1 25 18
-1
-1
-1
-1
3 25 19
-1
-1
-1
-1
-1
3 29 25
-1
-1
-1
-1
-1
-1
-1
-1
-1
-1
-1
-1
-1
-1
-1
-1
-1
-1
-1
-1
-1
-1
-1
-1
-1
-1
-1
-1
-1
-1
-1
-1
-1
-1
-1
-1
-1
-1
-1
-1
-1
-1
-1
-1
-1
-1
-1
-1
-1
-1
-1
-1
-1
-1
-1
-1
-1
-1
-1
-1
-1
-1
-1
-1
-1
-1
-1
-1
-1
-1
-1
-1
-1
-1
-1
-1
-1
-1
-1
-1
-1
-1
-1
-1
-1
-1
-1
-1
-1
-1
-1
-1
-1
-1
-1
-1
-1
-1
-1
-1
-1
-1
-1
-1
-1
-1
-1
-1
-1
-1
-1
-1
-1
-1
-1
-1
-1
-1
-1
-1
-1
-1
-1
-1
-1
-1
-1
-1
-1
-1
-1
-1
-1
-1
-1
-1
-1
-1
-1
-1
-1
-1
-1
-1
-1
-1
-1
-1
-1
-1
-1
-1
-1
-1
-1
-1
-1
-1
-1
-1
-1
-1
-1
-1
-1
-1
-1
-1
-1
-1
-1
-1
-1
-1
-1
-1
-1
-1
-1
-1
-1
-1
-1
-1
-1
-1
-1
-1
-1
-1
-1
-1
-1
-1
-1
-1
-1
-1
-1
-1
-1
-1
-1
-1
-1
-1
-1
-1
-1
-1
-1
-1
-1
-1
-1
-1
-1
-1
-1
-1
-1
-1
-1
-1
-1
-1
-1
-1
-1
-1
-1
-1
-1
-1
-1
-1
-1
-1
-1
-1
-1
-1
-1
-1
-1
-1
-1
-1
-1
-1
-1
-1
-1
-1
-1
-1
-1
-1
-1
-1
-1
-1
-1
-1
-1
-1
-1
-1
-1
-1
-1
-1
-1
-1
-1
-1
-1
0 21 3
2 19 6
2 20 6
4 21 6
1 21 5
1 21 4
2 18 6
-1
-1
-1
-1
-1
-1
-1
-1
-1
-1
-1
-1
-1
-1
-1
-1
-1
-1
-1
-1
-1
-1
-1
-1
-1
-1
-1
-1
-1
-1
-1
0 17 6
2 43 31
2 42 31
2 41 31
2 40 31
2 39 31
2 38 31
2 37 31
2 45 36
3 44 36
1 44 35
1 44 34
1 44 33
1 44 32
1 46 41
1 46 40
1 46 39
1 46 38
1 46 37
5 46 36
5 44 31
-1
-1
-1
-1
-1
-1
-1
-1
-1
-1
-1
-1
-1
-1
-1
-1
0 46 42
2 13 3
2 14 3
2 15 3
2 16 3
5 17 3
1 17 4
1 17 5
-1
-1
-1
-1
-1
-1
-1
-1
-1
-1
-1
-1
-1
0 12 3
2 42 43
2 43 43
2 44 43
2 45 43
4 46 43
-1
-1
-1
-1
-1
-1
-1
-1
-1
0 41 43
-1
-1
-1
-1
-1
-1
-1
-1
-1
0 29 25
1 36 26
1 36 27
1 36 28
1 36 29
1 36 30
-1
-1
-1
-1
0 36 25
2 15 2
2 14 2
2 13 2
6 12 2
-1
-1
-1
-1
0 16 2
2 34 21
2 35 21
5 36 21
1 36 22
1 36 23
1 36 24
-1
-1
0 33 21
2 10 5
2 11 5
4 12 5
1 12 4
-1
-1
0 9 5
2 39 43
2 40 43
2 36 45
2 37 45
4 38 45
1 38 44
6 38 43
0 35 45
2 27 26
2 28 26
4 29 26
1 26 27
6 26 26
0 26 28
2 32 43
2 33 43
2 34 43
5 35 43
1 35 44
0 31 43
4 48 42
2 47 42
-1
0 48 41
1 38 22
1 38 23
1 38 24
4 38 25
2 37 25
0 38 21
-1
-1
-1
0 25 19
2 27 17
2 28 17
2 29 17
2 30 17
2 31 17
2 32 17
5 33 17
1 33 18
1 33 19
1 33 20
0 26 17
2 40 30
3 39 30
1 39 29
1 39 28
1 39 27
1 39 26
1 39 25
1 39 24
1 39 23
1 39 22
5 39 21
0 41 30
0 44 31
4 33 42
2 32 42
6 31 42
0 33 41
1 45 14
1 45 15
1 45 16
1 45 17
1 45 18
1 45 19
4 45 20
2 44 20
2 43 20
2 42 20
2 41 20
2 40 20
2 39 20
6 38 20
0 45 13
1 45 11
1 45 12
0 45 10
2 44 6
5 45 6
1 45 7
1 45 8
1 45 9
0 43 6
2 44 45
2 43 45
2 42 45
3 41 45
1 41 44
0 45 45
2 47 5
2 46 5
2 45 5
2 44 5
6 43 5
0 48 5
1 37 40
4 37 41
2 36 41
2 35 41
2 34 41
0 37 39
2 19 28
2 20 28
2 21 28
2 22 28
2 23 28
2 24 28
2 25 28
0 18 28
4 18 33
1 18 32
1 18 31
1 18 30
1 18 29
0 17 33
0 46 36
1 36 32
0 36 33
-1
-1
-1
-1
-1
-1
-1
-1
-1
-1
-1
-1
-1
-1
-1
-1
-1
-1
-1
-1
-1
-1
-1
-1
-1
-1
-1
-1
-1
-1
-1
-1
-1
-1
-1
-1
-1
-1
-1
-1
-1
-1
-1
-1
-1
-1
-1
-1
-1
-1
-1
-1
-1
-1
-1
-1
-1
-1
-1
-1
-1
-1
-1
-1
-1
-1
-1
-1
-1
