0 5 28
2 6 31
3 5 31
1 5 30
1 5 29
2 24 37
2 23 37
2 22 37
2 21 37
2 20 37
2 19 37
2 18 37
2 17 37
2 16 37
2 15 37
2 14 37
2 13 37
2 12 37
2 11 37
2 10 37
2 9 37
2 8 37
3 7 37
1 7 36
1 7 35
1 7 34
1 7 33
1 7 32
5 7 31
0 25 37
1 27 20
1 27 21
1 27 22
-1
1 27 23
-1
-1
-1
1 27 24
-1
-1
1 27 25
-1
-1
1 27 26
-1
-1
1 27 27
-1
-1
1 27 28
-1
-1
1 27 29
-1
-1
1 27 30
-1
-1
1 27 31
-1
-1
-1
1 27 32
-1
-1
1 27 33
-1
-1
1 27 34
-1
-1
1 27 35
-1
-1
1 27 36
-1
-1
4 27 37
-1
-1
2 26 37
-1
-1
-1
-1
-1
-1
-1
-1
-1
-1
-1
-1
-1
-1
-1
-1
-1
-1
-1
-1
-1
-1
-1
-1
-1
-1
-1
-1
-1
-1
-1
-1
-1
-1
-1
-1
-1
-1
-1
-1
-1
-1
-1
-1
-1
-1
-1
-1
-1
-1
-1
-1
-1
-1
-1
-1
-1
-1
-1
-1
-1
-1
-1
-1
-1
-1
-1
-1
-1
-1
-1
-1
-1
-1
-1
-1
-1
-1
-1
-1
-1
-1
-1
-1
-1
-1
-1
-1
-1
-1
-1
-1
-1
-1
-1
-1
-1
-1
-1
-1
-1
-1
-1
-1
-1
-1
-1
-1
-1
-1
-1
-1
-1
-1
-1
-1
-1
-1
-1
-1
-1
-1
-1
-1
-1
-1
-1
-1
-1
-1
-1
-1
-1
-1
-1
-1
-1
-1
-1
-1
-1
-1
-1
-1
-1
-1
-1
-1
-1
-1
-1
-1
-1
-1
-1
-1
0 27 19
1 4 38
-1
1 4 37
1 4 36
1 4 35
1 4 34
1 4 33
-1
1 4 32
1 4 31
1 4 30
1 4 29
-1
6 4 28
2 3 39
4 4 39
-1
-1
-1
-1
-1
-1
-1
-1
-1
-1
-1
-1
-1
-1
-1
-1
-1
-1
-1
-1
-1
-1
-1
-1
-1
-1
-1
-1
-1
-1
-1
-1
-1
-1
-1
-1
-1
-1
-1
-1
-1
-1
-1
-1
-1
-1
-1
-1
-1
-1
-1
-1
-1
-1
-1
-1
-1
-1
-1
-1
0 2 39
4 46 19
2 45 19
2 44 19
2 43 19
2 42 19
2 41 19
2 40 19
2 39 19
2 38 19
2 37 19
2 36 19
2 35 19
2 34 19
2 33 19
2 32 19
2 31 19
2 30 19
2 29 19
2 28 19
-1
-1
-1
-1
-1
-1
-1
-1
-1
-1
-1
-1
-1
-1
-1
-1
-1
-1
-1
-1
-1
-1
-1
-1
-1
-1
-1
-1
-1
-1
-1
-1
-1
-1
0 46 18
1 7 26
1 7 27
4 7 28
2 6 28
-1
-1
-1
-1
-1
-1
-1
-1
-1
-1
-1
-1
-1
-1
-1
-1
-1
-1
-1
-1
-1
-1
0 7 25
-1
-1
-1
-1
-1
-1
-1
-1
-1
-1
-1
-1
-1
-1
-1
-1
-1
-1
-1
-1
0 4 39
1 47 11
1 47 12
1 47 13
1 47 14
1 47 15
1 47 16
1 47 17
4 47 18
-1
-1
-1
-1
-1
-1
-1
-1
-1
-1
-1
-1
-1
0 47 10
2 5 43
3 4 43
1 4 42
1 4 41
1 4 40
-1
-1
-1
-1
-1
-1
-1
-1
-1
-1
-1
0 6 43
2 26 48
3 25 48
1 25 47
1 25 46
1 25 45
1 25 44
1 25 43
1 25 42
1 25 41
1 25 40
1 25 39
1 25 38
-1
-1
-1
0 27 48
3 6 49
1 6 48
1 6 47
1 6 46
1 6 45
1 6 44
-1
-1
-1
-1
-1
0 7 49
2 41 15
2 42 15
2 43 15
2 44 15
2 45 15
5 46 15
1 46 16
1 46 17
-1
-1
-1
0 40 15
2 45 30
2 46 30
2 47 30
4 48 30
1 48 29
1 48 28
1 48 27
1 48 26
1 48 25
1 48 24
1 48 23
1 48 22
1 48 21
1 48 20
1 48 19
1 48 18
1 48 17
1 48 16
1 48 15
1 48 14
1 48 13
1 48 12
1 48 11
5 48 10
0 44 30
0 7 31
1 8 22
1 8 23
1 8 24
4 8 25
-1
-1
0 8 21
3 2 45
1 2 44
1 2 43
1 2 42
1 2 41
1 2 40
-1
0 3 45
-1
-1
-1
-1
-1
-1
-1
-1
-1
-1
-1
-1
-1
-1
-1
-1
-1
-1
-1
-1
-1
-1
-1
-1
-1
-1
-1
-1
-1
-1
-1
-1
-1
-1
-1
-1
-1
-1
-1
-1
-1
-1
-1
-1
-1
-1
-1
-1
-1
-1
-1
-1
-1
-1
-1
-1
-1
-1
-1
-1
-1
-1
-1
-1
-1
-1
-1
-1
-1
-1
-1
-1
-1
-1
-1
-1
-1
-1
-1
-1
-1
-1
-1
-1
-1
-1
-1
-1
-1
-1
-1
-1
-1
-1
-1
-1
-1
-1
-1
-1
-1
-1
-1
-1
-1
-1
-1
-1
-1
-1
-1
-1
-1
-1
-1
-1
-1
-1
-1
-1
-1
-1
-1
-1
-1
-1
-1
-1
-1
-1
-1
-1
-1
-1
-1
-1
-1
-1
-1
-1
-1
-1
-1
-1
-1
-1
-1
-1
-1
-1
-1
-1
-1
-1
-1
-1
-1
-1
-1
-1
-1
-1
-1
-1
-1
-1
-1
-1
-1
-1
-1
-1
-1
-1
-1
-1
-1
-1
-1
-1
-1
-1
-1
-1
-1
-1
-1
-1
-1
-1
-1
-1
-1
-1
-1
-1
-1
-1
-1
-1
-1
-1
-1
-1
-1
-1
-1
-1
-1
-1
-1
-1
-1
-1
-1
-1
-1
-1
-1
-1
-1
-1
-1
-1
-1
-1
-1
-1
-1
-1
-1
-1
-1
-1
-1
-1
-1
-1
-1
-1
-1
-1
-1
-1
-1
-1
-1
-1
-1
-1
-1
-1
-1
-1
-1
-1
-1
-1
-1
-1
-1
-1
