# yaki_cnt = 65660
0 42 21
2 41 21
2 40 21
2 39 21
6 38 21
1 38 22
1 38 23
2 37 24
2 36 24
2 35 24
2 34 24
2 33 24
2 32 24
4 38 24
2 30 24
2 29 24
2 28 24
2 27 24
2 31 24
1 26 25
1 26 26
4 26 27
2 25 27
2 24 27
6 26 24
0 23 27
2 22 27
2 21 27
2 20 27
-1
2 19 27
-1
2 18 27
-1
2 17 27
-1
2 16 27
-1
2 14 27
-1
2 13 27
-1
2 12 27
-1
2 15 27
-1
4 11 28
-1
2 10 28
-1
2 8 28
-1
2 9 28
-1
6 11 27
1 6 29
-1
1 6 30
-1
1 6 31
-1
1 6 32
-1
1 6 33
-1
1 6 34
-1
4 6 35
-1
6 6 28
-1
1 5 36
-1
1 5 37
-1
1 5 38
-1
1 5 39
-1
1 5 40
-1
1 5 41
-1
1 5 42
-1
2 4 43
-1
4 5 43
-1
6 5 35
-1
2 7 28
-1
-1
-1
-1
-1
-1
-1
-1
-1
-1
-1
-1
-1
-1
-1
-1
-1
-1
-1
-1
-1
-1
-1
-1
-1
-1
-1
-1
-1
-1
-1
-1
-1
-1
-1
-1
-1
-1
-1
-1
-1
-1
-1
-1
-1
-1
-1
-1
-1
-1
-1
-1
-1
-1
-1
-1
-1
-1
-1
-1
-1
-1
-1
-1
-1
-1
-1
-1
-1
-1
-1
-1
-1
-1
-1
-1
-1
-1
-1
-1
-1
-1
-1
-1
-1
-1
-1
-1
-1
-1
-1
-1
-1
-1
-1
-1
-1
0 3 43
1 42 20
1 42 19
1 42 18
2 41 17
5 42 17
-1
-1
-1
-1
-1
-1
-1
-1
-1
-1
-1
-1
-1
-1
-1
-1
-1
-1
-1
-1
-1
-1
-1
-1
-1
-1
-1
-1
-1
-1
-1
-1
-1
-1
-1
-1
-1
-1
-1
-1
-1
-1
-1
0 40 17
-1
-1
-1
-1
-1
-1
-1
-1
-1
-1
-1
-1
-1
-1
-1
-1
-1
-1
-1
-1
-1
-1
-1
-1
-1
-1
-1
0 7 28
6 40 16
4 41 16
1 41 15
6 41 14
4 42 14
6 42 13
1 43 12
1 43 11
1 43 10
1 43 9
1 43 8
1 43 7
1 43 6
1 43 5
4 43 13
-1
-1
-1
-1
-1
-1
-1
-1
-1
0 43 4
3 3 44
2 4 44
2 5 44
2 6 44
2 7 44
2 8 44
2 9 44
2 10 44
5 11 44
3 11 45
2 13 45
2 14 45
2 15 45
2 16 45
2 17 45
2 18 45
2 19 45
2 20 45
1 21 46
1 21 47
5 21 45
2 12 45
0 21 48
1 7 29
1 7 30
1 7 31
1 7 32
1 7 33
3 7 34
2 8 34
-1
-1
-1
-1
-1
0 9 34
6 39 17
4 39 18
6 38 18
1 38 19
-1
-1
-1
-1
-1
-1
0 38 20
2 42 4
2 41 4
2 40 4
2 39 4
2 38 4
2 36 4
2 35 4
2 34 4
2 37 4
0 33 4
2 10 34
5 11 34
1 11 35
1 11 36
1 11 37
1 11 38
1 11 39
3 11 41
1 11 40
0 12 41
1 7 27
1 7 26
1 7 25
1 7 24
1 7 22
1 7 21
1 7 20
1 7 19
2 8 18
4 9 18
6 9 17
2 10 17
6 7 18
1 7 23
0 11 17
0 26 24
4 43 21
1 43 20
6 43 19
2 44 19
2 45 19
0 46 19
4 47 19
1 47 17
1 47 16
1 47 15
1 47 14
1 47 18
0 47 13
1 23 26
1 23 25
5 23 24
2 22 24
2 21 24
0 20 24
-1
-1
0 5 35
1 46 20
1 46 21
1 46 22
1 46 23
1 46 24
1 46 25
1 46 27
3 46 28
1 46 26
0 47 28
0 43 13
-1
0 7 23
5 5 34
3 4 34
5 4 33
2 3 33
0 2 33
1 2 32
1 2 31
1 2 30
1 2 29
1 2 28
0 2 27
0 37 4
2 37 20
2 36 20
-1
0 35 20
1 23 28
1 23 29
1 23 30
1 23 31
1 23 32
0 23 33
0 31 24
5 44 4
1 44 5
1 44 6
1 44 7
0 44 8
0 11 27
4 31 25
2 30 25
2 29 25
6 28 25
4 28 26
0 27 26
0 7 18
-1
0 21 45
1 21 44
1 21 43
1 21 42
6 21 41
2 22 41
0 23 41
0 12 45
0 46 26
1 7 17
1 7 16
1 7 15
0 7 14
0 6 28
1 11 16
1 11 15
1 11 14
0 11 13
0 15 27
1 11 18
0 11 19
2 13 41
0 14 41
2 6 18
2 5 18
2 4 18
0 3 18
0 38 24
0 42 17
3 22 33
5 22 32
0 21 32
0 47 18
2 6 14
0 5 14
2 20 32
2 19 32
0 18 32
2 45 26
2 44 26
2 43 26
0 42 26
0 7 44
6 11 26
4 12 26
1 12 25
0 12 24
2 22 48
2 23 48
2 24 48
0 25 48
1 47 29
1 47 30
4 47 31
0 46 31
2 12 19
2 13 19
2 14 19
0 15 19
1 7 45
1 7 46
0 7 47
1 37 5
1 37 6
1 37 7
1 37 8
1 37 9
1 37 10
0 37 11
0 11 40
1 38 25
1 38 26
1 38 27
1 38 28
0 38 29
1 38 30
1 38 31
0 38 32
0 9 28
2 36 11
2 35 11
2 34 11
2 33 11
2 32 11
2 31 11
0 30 11
0 30 10
0 30 9
6 23 40
4 24 40
6 24 39
2 25 39
2 26 39
0 27 39
5 12 13
3 12 14
2 13 14
2 14 14
0 15 14
5 5 13
3 4 13
1 4 12
1 4 11
0 4 10
1 4 9
5 4 8
2 3 8
0 2 8
5 3 42
3 2 42
5 2 41
0 1 41
2 26 48
2 27 48
2 28 48
2 29 48
2 30 48
2 31 48
2 32 48
2 33 48
2 34 48
4 35 48
0 35 47
2 36 47
2 37 47
2 38 47
2 39 47
2 40 47
2 41 47
2 42 47
0 43 47
2 37 32
2 36 32
2 35 32
2 34 32
0 33 32
3 10 13
1 10 12
1 10 11
1 10 10
1 10 9
1 10 8
1 10 7
0 10 6
3 38 33
2 39 33
5 40 33
1 40 34
1 40 35
1 40 36
0 40 37
2 44 47
2 45 47
2 46 47
4 47 47
1 47 46
1 47 45
1 47 44
0 47 43
-1
-1
-1
-1
-1
-1
-1
-1
-1
-1
-1
-1
-1
-1
-1
-1
-1
-1
-1
-1
-1
-1
-1
-1
-1
-1
-1
-1
-1
-1
-1
-1
-1
-1
-1
-1
-1
-1
-1
-1
-1
-1
-1
-1
-1
-1
-1
-1
-1
-1
-1
-1
-1
-1
-1
-1
-1
-1
-1
-1
-1
-1
-1
-1
-1
-1
-1
-1
-1
-1
-1
-1
-1
-1
-1
-1
-1
-1
-1
-1
-1
-1
-1
-1
-1
-1
-1
-1
-1
-1
-1
-1
-1
-1
-1
-1
-1
-1
-1
-1
-1
-1
-1
-1
-1
-1
-1
-1
-1
-1
-1
-1
-1
-1
-1
-1
-1
-1
-1
-1
-1
-1
-1
-1
-1
-1
-1
-1
-1
-1
-1
-1
-1
-1
-1
-1
-1
-1
-1
-1
-1
-1
-1
-1
-1
-1
-1
-1
-1
-1
-1
-1
-1
-1
-1
-1
-1
-1
-1
-1
-1
-1
-1
-1
-1
-1
-1
-1
-1
-1
-1
-1
-1
-1
-1
-1
-1
-1
-1
-1
-1
-1
-1
-1
-1
-1
-1
-1
-1
-1
-1
-1
-1
-1
