# cancel = 1000
0 10 32
2 13 32
2 12 32
2 11 32
1 14 30
1 14 31
1 14 29
1 14 28
1 17 22
1 17 23
1 17 24
4 17 25
2 16 25
2 15 25
6 14 25
1 18 19
1 18 20
4 18 21
6 17 21
6 18 18
1 14 26
1 19 16
1 19 17
4 19 18
1 20 4
1 20 5
1 20 6
1 20 7
1 20 8
1 20 9
1 20 10
1 20 11
1 20 12
1 20 13
1 20 14
4 20 15
6 19 15
1 14 27
4 14 32
4 24 3
2 23 3
2 22 3
2 21 3
6 20 3
0 24 2
2 9 32
0 8 32
2 27 2
2 26 2
2 25 2
-1
-1
-1
-1
-1
-1
-1
-1
-1
-1
-1
-1
-1
-1
-1
-1
-1
-1
-1
-1
-1
-1
-1
0 28 2
1 8 34
1 8 33
-1
-1
-1
-1
-1
-1
-1
-1
-1
-1
-1
-1
-1
-1
-1
0 8 35
-1
-1
-1
-1
-1
-1
-1
-1
-1
-1
-1
-1
-1
-1
0 20 3
-1
-1
-1
-1
-1
-1
-1
-1
-1
-1
0 21 3
1 8 30
1 8 31
1 8 28
1 8 29
-1
-1
-1
-1
-1
-1
0 8 27
2 37 2
2 36 2
2 35 2
2 34 2
2 33 2
2 32 2
2 31 2
2 30 2
2 29 2
-1
0 38 2
2 37 3
4 38 3
-1
-1
-1
-1
0 36 3
-1
-1
-1
-1
-1
-1
0 8 26
2 13 33
2 12 33
2 11 33
3 10 33
2 18 33
2 17 33
2 16 33
2 15 33
2 14 33
5 19 33
2 20 34
3 19 34
0 21 34
4 21 37
1 21 36
1 21 35
0 20 37
2 22 34
1 26 33
4 26 34
2 25 34
2 24 34
2 23 34
0 26 32
2 27 32
0 28 32
1 26 30
1 26 31
-1
0 26 29
1 26 28
-1
-1
0 26 27
-1
-1
0 29 32
2 29 27
2 28 27
2 27 27
4 30 27
1 30 26
0 30 25
-1
0 30 26
3 21 4
-1
0 22 4
-1
-1
0 8 29
4 33 24
2 32 24
2 31 24
6 30 24
0 33 23
2 24 30
4 25 30
6 25 29
0 23 30
0 23 4
2 31 32
2 30 32
0 32 32
0 25 27
5 20 1
1 20 2
0 19 1
-1
0 30 27
1 26 25
1 26 26
1 26 23
1 26 24
0 26 22
0 19 34
1 29 20
4 29 21
2 28 21
2 27 21
6 26 21
0 29 19
2 23 39
2 22 39
2 21 39
3 20 39
1 20 38
0 24 39
2 37 0
5 38 0
1 38 1
0 36 0
1 32 31
0 32 30
2 6 29
2 7 29
0 5 29
0 28 1
0 24 1
1 32 36
1 32 35
1 32 34
1 32 33
1 32 37
1 32 38
2 33 43
3 32 43
1 32 42
1 32 41
1 32 40
1 32 39
0 34 43
4 38 43
2 37 43
2 36 43
2 35 43
1 38 42
1 38 41
0 38 40
2 33 47
4 34 47
1 34 46
1 34 45
1 34 44
0 32 47
5 5 26
1 5 27
1 5 28
0 4 26
0 26 21
1 8 40
1 8 39
1 8 38
1 8 37
1 8 36
0 8 41
2 41 40
2 40 40
2 39 40
0 42 40
1 42 38
1 42 39
0 42 37
2 10 42
2 9 42
3 8 42
0 11 42
0 38 39
2 25 18
5 26 18
1 26 19
1 26 20
0 24 18
2 33 27
2 32 27
2 31 27
0 34 27
0 34 44
5 24 15
1 24 16
1 24 17
2 23 15
0 22 15
0 25 39
1 22 13
1 22 14
0 22 12
4 11 47
1 11 46
1 11 45
1 11 44
1 11 43
0 10 47
1 31 15
1 31 16
1 31 17
4 31 18
2 30 18
1 31 14
6 29 18
0 31 13
2 14 44
2 13 44
3 12 44
1 12 43
5 12 42
0 15 44
4 35 13
2 34 13
2 33 13
2 32 13
0 35 12
0 14 32
0 21 15
0 14 27
1 28 5
1 28 4
1 28 3
0 28 6
2 4 32
4 5 32
1 5 31
1 5 30
6 3 32
0 3 33
1 36 15
1 36 14
1 36 13
5 36 12
0 36 16
2 22 27
2 23 27
2 24 27
0 21 27
0 23 34
2 34 33
3 33 33
5 33 32
5 35 33
3 35 34
0 36 34
1 4 21
1 4 22
1 4 23
1 4 24
1 4 25
0 4 20
1 28 33
1 28 34
0 28 35
5 4 18
1 4 19
0 3 18
2 17 6
2 18 6
4 19 6
1 19 5
1 19 4
6 19 3
2 14 6
2 15 6
2 16 6
0 13 6
4 25 12
2 24 12
2 23 12
0 25 11
1 7 16
4 7 17
2 6 17
2 5 17
2 4 17
6 3 17
0 7 15
2 8 15
0 9 15
2 27 39
2 26 39
0 28 39
0 8 25
2 9 6
2 10 6
2 11 6
2 12 6
0 8 6
0 7 6
0 32 39
0 21 26
1 36 19
1 36 18
1 36 17
0 36 20
2 23 22
2 24 22
2 25 22
0 22 22
2 6 35
2 7 35
6 5 35
0 5 36
2 35 49
2 34 49
2 33 49
3 32 49
1 32 48
0 36 49
2 27 47
2 28 47
2 29 47
2 30 47
2 31 47
0 26 47
4 40 49
2 39 49
2 38 49
2 37 49
1 40 48
0 40 47
4 24 40
0 23 40
2 41 21
2 40 21
2 39 21
2 38 21
2 37 21
3 36 21
0 42 21
0 29 6
2 36 28
2 35 28
3 34 28
0 37 28
0 19 15
0 42 22
0 30 6
2 17 44
2 16 44
0 18 44
0 21 22
4 13 28
6 13 27
0 12 28
0 37 16
2 30 19
2 31 19
0 32 19
3 8 9
1 8 8
1 8 7
0 9 9
0 27 27
2 6 10
2 7 10
2 8 10
4 9 10
0 5 10
3 42 26
1 42 25
1 42 24
1 42 23
0 43 26
0 35 11
0 27 35
0 28 0
0 8 24
0 32 38
0 20 38
0 29 18
0 23 1
0 26 46
0 22 34
0 15 32
2 18 1
0 17 1
0 5 35
0 19 33
0 9 47
0 37 29
0 2 33
0 31 14
0 38 38
0 19 18
0 14 33
0 3 32
0 40 48
0 14 26
1 22 6
1 22 5
0 22 7
0 41 48
1 11 40
1 11 41
0 11 39
2 12 39
0 13 39
0 20 26
1 43 20
4 43 21
0 43 19
2 11 15
2 10 15
0 12 15
0 2 32
1 40 46
0 40 45
0 23 5
0 35 34
0 21 12
1 28 40
0 28 41
5 19 11
1 19 12
1 19 13
1 19 14
0 18 11
2 6 41
2 7 41
0 5 41
0 32 37
1 5 42
1 5 43
0 5 44
0 28 3
0 38 41
0 14 28
0 14 29
1 12 18
1 12 17
1 12 16
0 12 19
0 38 42
0 12 20
1 2 34
0 2 35
0 30 13
0 43 40
0 31 19
0 4 41
0 41 37
2 2 41
2 3 41
0 1 41
0 1 40
1 41 35
1 41 36
0 41 34
0 41 33
1 14 34
0 14 35
0 30 24
0 28 34
4 3 21
6 3 20
0 2 21
3 43 42
1 43 41
0 44 42
0 15 31
0 18 45
0 34 11
4 46 37
2 45 37
2 44 37
2 43 37
0 46 36
0 18 18
0 9 46
0 20 39
2 19 39
0 18 39
4 36 4
0 35 4
0 16 6
0 5 43
0 23 15
0 2 22
2 36 11
0 37 11
0 36 21
0 19 26
1 13 3
1 13 4
1 13 5
0 13 2
0 10 39
1 46 35
0 46 34
1 36 22
0 36 23
0 17 21
0 24 17
4 45 26
2 44 26
0 45 25
0 26 24
2 5 20
0 6 20
4 5 45
0 4 45
2 3 48
4 4 48
1 4 47
1 4 46
0 2 48
0 14 25
0 13 25
0 34 26
0 18 46
2 48 42
2 47 42
2 46 42
2 45 42
0 49 42
0 49 43
2 1 17
5 2 17
3 2 18
0 0 17
0 35 33
2 17 15
2 18 15
0 16 15
0 13 35
2 1 26
2 2 26
2 3 26
0 0 26
1 13 8
1 13 7
0 13 9
-1
-1
-1
-1
-1
-1
-1
-1
-1
-1
-1
-1
-1
-1
-1
-1
-1
-1
-1
-1
-1
-1
-1
-1
-1
-1
-1
-1
-1
-1
-1
-1
-1
-1
-1
-1
-1
-1
-1
-1
-1
-1
-1
-1
-1
-1
-1
-1
-1
-1
-1
-1
-1
-1
-1
-1
-1
-1
-1
-1
-1
-1
-1
-1
-1
-1
-1
-1
-1
-1
-1
-1
-1
-1
-1
-1
-1
-1
-1
-1
-1
-1
-1
-1
-1
-1
-1
-1
-1
-1
-1
-1
-1
-1
-1
-1
-1
-1
-1
-1
-1
-1
-1
-1
-1
-1
-1
-1
-1
-1
-1
-1
-1
-1
-1
-1
-1
-1
-1
-1
-1
-1
-1
-1
-1
-1
-1
-1
-1
-1
-1
-1
-1
-1
-1
-1
