# start_size = 59
# yaki_cnt = 844660
# end_size = 59
0 28 37
4 29 32
6 28 32
1 28 33
1 28 34
1 28 35
1 28 36
2 32 28
6 31 28
4 31 29
6 30 29
4 30 30
6 29 30
4 35 20
6 34 20
1 34 21
4 34 22
6 33 22
1 33 23
1 33 24
1 33 25
1 33 26
1 33 27
6 37 16
4 37 17
6 36 17
1 36 18
4 36 19
6 35 19
4 33 28
1 29 31
0 38 16
2 26 39
4 27 39
1 27 38
6 27 37
6 20 39
2 21 39
2 22 39
2 23 39
2 24 39
1 20 42
1 20 41
1 20 40
2 25 39
4 17 46
1 17 45
1 17 44
6 17 43
2 18 43
2 19 43
4 20 43
-1
-1
-1
0 16 46
6 38 12
1 38 13
1 38 14
1 38 15
-1
-1
-1
-1
-1
-1
-1
-1
-1
-1
-1
-1
-1
-1
-1
-1
-1
-1
-1
-1
-1
-1
-1
-1
-1
-1
-1
-1
-1
-1
-1
-1
-1
-1
-1
-1
-1
-1
-1
-1
-1
-1
-1
-1
0 39 12
-1
-1
-1
-1
-1
-1
-1
-1
-1
-1
-1
-1
-1
-1
-1
-1
-1
-1
-1
-1
-1
-1
-1
-1
0 29 31
2 25 31
2 26 31
2 27 31
2 28 31
-1
-1
-1
-1
-1
-1
-1
-1
-1
-1
-1
-1
-1
-1
-1
0 24 31
2 34 31
2 33 31
2 32 31
2 31 31
2 30 31
3 35 34
1 35 33
1 35 32
5 35 31
-1
-1
-1
-1
-1
-1
-1
-1
-1
-1
0 36 34
2 42 12
2 41 12
2 40 12
2 47 12
2 46 12
2 45 12
2 44 12
2 43 12
-1
-1
-1
-1
-1
-1
-1
-1
0 48 12
3 47 7
5 48 7
1 48 8
1 48 9
1 48 10
1 48 11
-1
-1
-1
-1
-1
-1
-1
0 47 6
2 30 35
6 29 35
1 29 36
4 29 37
-1
-1
-1
-1
-1
-1
-1
0 31 35
-1
-1
-1
-1
-1
-1
-1
-1
0 33 28
-1
-1
-1
-1
-1
-1
-1
-1
0 20 43
-1
-1
-1
-1
-1
-1
-1
-1
0 43 12
3 20 46
1 20 45
1 20 44
-1
-1
-1
-1
0 21 46
-1
-1
-1
-1
-1
-1
0 35 19
2 41 16
2 40 16
2 39 16
-1
-1
-1
-1
0 42 16
5 43 20
3 42 20
1 42 19
1 42 18
1 42 17
-1
0 43 21
3 14 39
2 15 39
5 16 39
1 16 40
1 16 41
1 16 42
1 16 43
1 16 44
1 16 45
0 14 38
6 39 21
2 40 21
2 41 21
2 42 21
0 39 22
2 10 38
2 11 38
2 12 38
2 13 38
0 9 38
-1
-1
-1
-1
0 25 39
6 29 19
2 30 19
2 31 19
2 32 19
2 33 19
2 34 19
0 29 20
-1
-1
0 46 6
-1
-1
-1
-1
0 35 31
1 14 35
1 14 36
1 14 37
-1
0 14 34
5 36 10
3 36 11
2 37 11
2 38 11
5 39 11
0 35 10
1 9 36
1 9 37
-1
0 9 35
-1
-1
-1
-1
0 24 32
2 31 10
2 32 10
2 33 10
2 34 10
0 30 10
1 28 9
3 28 10
2 29 10
0 28 8
2 8 35
-1
-1
-1
0 7 35
1 14 28
1 14 29
1 14 30
1 14 31
1 14 32
1 14 33
0 14 27
2 27 20
2 28 20
0 26 20
2 22 32
2 23 32
0 21 32
5 43 11
-1
-1
0 42 11
1 14 24
1 14 25
1 14 26
0 14 23
6 36 30
4 36 31
-1
0 37 30
2 23 20
2 24 20
2 25 20
0 22 20
5 13 16
3 13 17
5 14 17
1 14 18
1 14 19
1 14 20
1 14 21
1 14 22
0 12 16
6 34 11
4 35 11
0 34 12
2 40 30
2 39 30
2 38 30
0 41 30
6 22 15
1 22 16
1 22 17
1 22 18
1 22 19
0 23 15
2 47 30
2 46 30
2 45 30
2 44 30
2 43 30
2 42 30
0 48 30
1 48 35
1 48 34
1 48 33
1 48 32
1 48 31
0 48 36
2 46 36
2 47 36
0 45 36
1 26 22
1 26 21
0 26 23
1 39 5
3 39 6
2 40 6
2 41 6
2 42 6
2 43 6
2 44 6
2 45 6
0 39 4
0 20 40
5 32 35
0 32 36
1 39 3
0 39 2
2 4 31
2 5 31
5 6 31
1 6 32
1 6 33
1 6 34
3 6 35
0 3 31
1 43 25
1 43 24
1 43 23
1 43 22
0 43 26
1 3 28
1 3 29
1 3 30
0 3 27
5 32 20
2 31 20
2 30 20
0 32 21
4 19 42
1 19 41
6 19 40
0 18 42
1 48 43
1 48 42
1 48 41
1 48 40
1 48 39
1 48 38
1 48 37
0 48 44
2 3 44
4 4 44
6 4 43
4 5 43
1 5 42
6 5 41
2 6 41
2 7 41
2 8 41
4 9 41
1 9 40
1 9 39
0 2 44
5 30 46
2 29 46
2 28 46
2 27 46
2 26 46
2 25 46
2 24 46
2 23 46
2 22 46
0 30 47
2 36 47
2 35 47
2 34 47
2 33 47
2 32 47
2 31 47
0 37 47
-1
-1
-1
-1
-1
-1
-1
-1
-1
-1
-1
-1
-1
-1
-1
-1
-1
-1
-1
-1
-1
-1
-1
-1
-1
-1
-1
-1
-1
-1
-1
-1
-1
-1
-1
-1
-1
-1
-1
-1
-1
-1
-1
-1
-1
-1
-1
-1
-1
-1
-1
-1
-1
-1
-1
-1
-1
-1
-1
-1
-1
-1
-1
-1
-1
-1
-1
-1
-1
-1
-1
-1
-1
-1
-1
-1
-1
-1
-1
-1
-1
-1
-1
-1
-1
-1
-1
-1
-1
-1
-1
-1
-1
-1
-1
-1
-1
-1
-1
-1
-1
-1
-1
-1
-1
-1
-1
-1
-1
-1
-1
-1
-1
-1
-1
-1
-1
-1
-1
-1
-1
-1
-1
-1
-1
-1
-1
-1
-1
-1
-1
-1
-1
-1
-1
-1
-1
-1
-1
-1
-1
-1
-1
-1
-1
-1
-1
-1
-1
-1
-1
-1
-1
-1
-1
-1
-1
-1
-1
-1
-1
-1
-1
-1
-1
-1
-1
-1
-1
-1
-1
-1
-1
-1
-1
-1
-1
-1
-1
-1
-1
-1
-1
-1
-1
-1
-1
-1
-1
-1
-1
-1
-1
-1
-1
-1
-1
-1
-1
-1
-1
-1
-1
-1
-1
-1
-1
-1
-1
-1
-1
-1
-1
-1
-1
-1
-1
-1
-1
-1
-1
-1
-1
-1
-1
-1
-1
-1
-1
-1
-1
-1
-1
-1
-1
-1
-1
-1
-1
-1
-1
-1
-1
-1
-1
-1
-1
-1
-1
-1
-1
-1
-1
-1
-1
-1
-1
-1
-1
-1
-1
-1
-1
-1
-1
-1
-1
-1
-1
-1
-1
-1
-1
-1
-1
-1
-1
-1
-1
-1
-1
-1
-1
-1
-1
-1
-1
-1
-1
-1
-1
-1
-1
-1
-1
-1
-1
-1
-1
-1
-1
-1
-1
-1
-1
-1
-1
-1
-1
