# start_size = 46
# yaki_cnt = 1020700
# end_size = 47
# real_sz = 47
0 17 17
1 17 18
1 17 19
1 17 20
1 17 21
1 17 22
1 17 23
1 17 24
1 17 25
1 17 26
1 17 27
4 17 28
6 16 28
1 16 30
1 16 31
1 16 32
1 16 33
1 16 34
1 16 35
1 16 36
1 16 37
1 16 29
2 15 38
2 14 38
2 13 38
2 12 38
6 11 38
4 16 38
6 10 39
1 10 40
1 10 41
1 10 42
1 10 43
4 10 44
4 11 39
0 9 44
1 17 16
1 17 15
1 17 14
1 17 13
1 17 12
1 17 11
5 17 10
2 16 10
2 14 10
2 13 10
2 12 10
2 11 10
2 10 10
2 9 10
2 7 10
2 6 10
2 8 10
3 4 10
5 4 9
3 3 9
1 3 8
1 3 7
1 3 6
5 3 5
2 2 5
2 5 10
2 15 10
-1
-1
-1
-1
-1
-1
-1
-1
-1
-1
-1
-1
-1
-1
-1
-1
-1
-1
-1
-1
-1
-1
-1
-1
-1
0 1 5
5 18 17
3 18 18
5 19 18
1 19 19
3 19 20
2 20 20
2 21 20
3 22 21
2 23 21
2 24 21
2 25 21
2 26 21
2 27 21
2 28 21
2 29 21
2 30 21
2 31 21
2 32 21
2 33 21
2 34 21
2 35 21
2 36 21
2 37 21
2 38 21
2 39 21
5 22 20
-1
-1
-1
-1
-1
-1
-1
-1
-1
-1
-1
-1
-1
-1
-1
-1
-1
-1
-1
-1
-1
-1
-1
-1
-1
-1
-1
-1
-1
-1
-1
-1
-1
-1
-1
-1
-1
-1
-1
-1
-1
-1
-1
-1
-1
-1
-1
0 40 21
-1
-1
-1
-1
-1
-1
-1
-1
-1
-1
-1
-1
-1
-1
-1
-1
-1
-1
-1
-1
-1
-1
-1
-1
-1
-1
-1
-1
-1
-1
-1
0 11 39
1 40 20
1 40 19
1 40 18
1 40 17
1 40 16
1 40 15
1 40 14
1 40 13
6 40 11
4 41 11
1 41 10
1 41 9
1 41 8
1 41 7
1 41 6
1 41 5
1 41 4
1 41 3
1 41 2
1 40 12
-1
-1
-1
-1
-1
-1
-1
-1
-1
-1
-1
-1
-1
0 41 1
1 40 22
3 40 23
2 41 23
5 42 23
1 42 24
1 42 25
1 42 26
1 42 27
1 42 28
1 42 29
1 42 30
3 42 31
5 43 31
3 43 32
-1
-1
-1
-1
-1
-1
-1
-1
-1
0 44 32
-1
-1
-1
-1
-1
-1
-1
-1
-1
-1
-1
-1
-1
-1
0 15 10
4 44 33
2 43 33
2 42 33
2 41 33
2 40 33
2 39 33
3 38 33
5 38 32
-1
-1
-1
-1
-1
-1
-1
0 37 32
3 36 31
5 36 30
2 35 30
2 34 30
3 33 30
5 33 29
2 32 29
2 31 29
5 37 31
-1
-1
-1
-1
0 30 29
-1
-1
-1
-1
-1
-1
-1
-1
-1
-1
0 5 10
2 12 39
2 13 39
5 14 39
1 14 40
1 14 41
1 14 42
-1
-1
-1
-1
-1
0 14 43
-1
-1
-1
-1
-1
-1
-1
-1
0 16 38
2 16 17
2 15 17
2 14 17
2 13 17
3 12 17
5 12 16
3 11 16
5 11 15
-1
0 10 15
1 9 43
1 9 42
1 9 41
1 9 40
1 9 39
1 9 38
1 9 37
1 9 36
1 9 35
1 9 34
1 9 33
0 9 32
1 14 44
1 14 45
2 15 46
2 16 46
2 17 46
2 18 46
2 19 46
2 20 46
2 21 46
5 22 46
3 22 47
3 14 46
0 23 47
1 5 11
1 5 12
1 5 13
1 5 14
1 5 15
1 5 16
0 5 17
-1
-1
-1
0 40 12
-1
-1
-1
-1
-1
-1
0 22 20
1 10 16
1 10 17
3 10 18
2 11 18
-1
-1
0 12 18
2 45 32
2 46 32
2 47 32
2 48 32
4 49 32
1 49 31
1 49 30
1 49 29
1 49 28
1 49 27
0 49 26
5 41 12
3 41 13
5 42 13
0 42 14
6 15 9
2 16 9
2 17 9
4 18 9
0 18 8
1 37 33
3 37 34
5 38 34
3 38 35
5 39 35
3 39 36
5 40 36
3 40 37
5 41 37
1 41 38
1 41 39
3 41 40
2 42 40
2 43 40
0 44 40
3 44 41
5 45 41
1 45 42
1 45 43
1 45 44
0 45 45
2 23 20
4 24 20
6 24 19
4 25 19
0 25 18
1 5 18
1 5 19
3 5 20
2 6 20
0 7 20
6 30 28
2 31 28
2 32 28
4 33 28
0 33 27
4 45 46
2 44 46
2 43 46
2 42 46
2 41 46
2 40 46
0 39 46
0 14 46
2 26 18
2 27 18
2 28 18
2 29 18
2 30 18
2 31 18
4 32 18
0 32 17
0 9 31
3 31 17
1 31 16
5 31 15
0 30 15
2 17 38
4 18 38
6 18 37
2 19 37
2 20 37
2 21 37
4 22 37
0 22 36
0 8 20
6 18 7
4 19 7
1 19 6
6 19 5
0 20 5
0 8 10
2 15 43
0 16 43
1 8 21
3 8 22
2 9 22
2 10 22
5 11 22
0 11 23
0 37 31
1 22 35
1 22 34
1 22 33
0 22 32
1 23 46
1 23 45
0 23 44
1 8 9
1 8 8
1 8 7
1 8 6
0 8 5
1 9 30
1 9 29
0 9 28
1 22 31
1 22 30
0 22 29
-1
0 16 29
6 8 44
4 8 45
6 7 45
1 7 46
1 7 47
4 7 48
2 6 48
0 5 48
-1
-1
-1
-1
-1
-1
-1
-1
-1
-1
-1
-1
-1
-1
-1
-1
-1
-1
-1
-1
-1
-1
-1
-1
-1
-1
-1
-1
-1
-1
-1
-1
-1
-1
-1
-1
-1
-1
-1
-1
-1
-1
-1
-1
-1
-1
-1
-1
-1
-1
-1
-1
-1
-1
-1
-1
-1
-1
-1
-1
-1
-1
-1
-1
-1
-1
-1
-1
-1
-1
-1
-1
-1
-1
-1
-1
-1
-1
-1
-1
-1
-1
-1
-1
-1
-1
-1
-1
-1
-1
-1
-1
-1
-1
-1
-1
-1
-1
-1
-1
-1
-1
-1
-1
-1
-1
-1
-1
-1
-1
-1
-1
-1
-1
-1
-1
-1
-1
-1
-1
-1
-1
-1
-1
-1
-1
-1
-1
-1
-1
-1
-1
-1
-1
-1
-1
-1
-1
-1
-1
-1
-1
-1
-1
-1
-1
-1
-1
-1
-1
-1
-1
-1
-1
-1
-1
-1
-1
-1
-1
-1
-1
-1
-1
-1
-1
-1
-1
-1
-1
-1
-1
-1
-1
-1
-1
-1
-1
-1
-1
-1
-1
-1
-1
-1
-1
-1
-1
-1
-1
-1
-1
-1
-1
-1
-1
-1
-1
-1
-1
-1
-1
-1
-1
-1
-1
-1
-1
-1
-1
-1
-1
-1
-1
-1
-1
-1
-1
-1
-1
-1
-1
-1
-1
-1
-1
-1
-1
-1
-1
-1
-1
-1
-1
-1
-1
-1
-1
-1
-1
-1
-1
-1
-1
-1
-1
-1
-1
-1
-1
-1
-1
-1
-1
-1
-1
-1
-1
-1
-1
-1
-1
-1
-1
-1
-1
-1
-1
-1
-1
-1
-1
-1
-1
-1
-1
-1
-1
-1
-1
-1
