# start_size = 72
# yaki_cnt = 550580
# end_size = 78
# real_sz = 78
0 11 34
2 19 34
2 18 34
2 17 34
2 16 34
2 15 34
2 14 34
2 13 34
2 12 34
4 22 34
2 21 34
4 36 33
2 35 33
2 34 33
2 33 33
2 32 33
2 31 33
2 30 33
2 29 33
2 28 33
2 27 33
2 26 33
2 25 33
2 24 33
2 23 33
6 22 33
2 41 32
2 40 32
2 39 32
2 38 32
2 37 32
6 36 32
2 20 34
0 42 32
1 42 29
1 42 30
1 42 31
2 41 28
2 35 28
2 36 28
2 37 28
2 38 28
2 39 28
2 40 28
5 42 28
0 34 28
1 11 32
1 11 33
1 11 29
1 11 30
4 12 26
6 11 26
1 11 27
1 11 28
1 11 31
1 12 24
4 14 1
6 13 1
1 13 2
4 13 3
6 12 3
1 12 4
1 12 5
1 12 6
1 12 7
1 12 8
1 12 9
1 12 10
1 12 11
1 12 12
1 12 13
1 12 14
1 12 15
1 12 16
1 12 17
1 12 18
1 12 19
1 12 20
1 12 21
1 12 22
1 12 23
1 12 25
-1
-1
-1
-1
-1
-1
-1
-1
-1
-1
-1
-1
-1
-1
-1
-1
-1
-1
-1
-1
-1
-1
-1
-1
-1
-1
-1
-1
-1
-1
-1
-1
-1
-1
-1
-1
-1
-1
-1
-1
-1
-1
-1
0 14 0
1 15 11
1 15 10
1 15 9
1 15 8
1 15 7
1 15 6
1 15 5
1 15 4
1 15 3
1 15 2
1 15 1
5 15 0
2 16 12
3 15 12
-1
-1
-1
-1
-1
-1
-1
-1
-1
-1
-1
-1
-1
-1
-1
0 17 12
1 44 34
5 44 33
2 43 33
3 42 33
2 45 35
3 46 38
1 46 37
1 46 36
5 46 35
3 44 35
1 47 39
5 47 38
-1
-1
-1
-1
-1
-1
-1
-1
-1
-1
-1
0 47 40
6 5 0
2 6 0
2 7 0
2 8 0
2 9 0
2 10 0
2 11 0
2 12 0
2 13 0
-1
-1
-1
-1
-1
-1
-1
-1
-1
0 5 1
2 14 35
2 13 35
2 12 35
3 11 35
2 26 36
3 25 36
5 25 35
2 24 35
2 23 35
2 22 35
2 21 35
2 20 35
2 19 35
2 18 35
2 17 35
2 16 35
2 15 35
0 27 36
-1
-1
-1
-1
-1
-1
-1
-1
0 42 28
1 9 35
6 9 34
2 10 34
1 9 41
1 9 40
1 9 39
1 9 38
1 9 37
1 9 36
-1
0 9 42
-1
-1
-1
-1
-1
-1
0 20 34
4 43 21
6 42 21
1 42 22
1 42 23
1 42 24
1 42 25
1 42 26
1 42 27
4 46 20
2 45 20
2 44 20
6 47 13
1 47 14
1 47 15
4 47 16
6 46 16
1 46 17
1 46 18
1 46 19
6 43 20
0 48 13
1 20 29
1 20 30
1 20 31
1 20 32
1 20 33
2 19 25
5 20 25
1 20 26
1 20 27
1 20 28
0 18 25
0 40 28
1 23 30
1 23 29
1 23 28
1 23 27
1 23 26
1 23 25
5 23 24
2 22 24
2 21 24
2 20 24
2 19 24
6 18 24
0 23 31
1 46 43
1 46 42
1 46 41
6 46 40
0 46 44
1 7 17
1 7 16
1 7 15
1 7 14
1 7 13
1 7 12
1 7 11
1 7 10
1 7 9
1 7 8
5 7 7
3 6 7
5 6 6
3 5 6
1 5 5
1 5 4
1 5 3
1 5 2
0 7 18
0 12 25
0 36 32
0 15 12
0 20 28
0 43 20
0 11 31
-1
-1
0 11 28
-1
-1
-1
0 15 35
-1
-1
-1
0 46 19
6 10 38
1 10 39
1 10 40
1 10 41
4 10 42
0 11 38
1 48 12
0 48 11
5 48 46
3 47 46
5 47 45
3 46 45
0 48 47
2 8 26
5 9 26
1 9 27
3 9 28
2 10 28
0 7 26
0 18 24
2 3 17
5 4 17
3 4 18
2 5 18
2 6 18
0 2 17
0 47 11
1 2 15
1 2 16
0 2 14
2 8 18
0 9 18
1 45 42
1 45 43
3 45 44
0 45 41
2 24 37
2 25 37
2 26 37
4 27 37
0 23 37
0 47 38
1 19 8
1 19 9
4 19 10
6 18 10
4 18 11
6 17 11
0 19 7
2 40 41
2 41 41
2 42 41
2 43 41
2 44 41
0 39 41
1 39 42
0 39 43
0 9 36
2 39 29
4 40 29
0 38 29
2 6 42
2 7 42
2 8 42
0 5 42
6 4 42
0 4 43
0 4 44
0 44 35
5 33 27
3 33 28
0 32 27
2 27 27
2 28 27
2 29 27
2 30 27
2 31 27
0 26 27
5 45 28
2 44 28
2 43 28
0 45 29
0 46 35
0 22 33
1 19 5
1 19 6
0 19 4
1 15 40
1 15 39
1 15 38
1 15 37
1 15 36
0 15 41
1 15 42
0 15 43
1 9 46
1 9 45
1 9 44
1 9 43
0 9 47
5 33 36
2 32 36
2 31 36
2 30 36
2 29 36
2 28 36
0 33 37
2 14 28
2 13 28
2 12 28
0 15 28
2 37 43
2 38 43
0 36 43
1 32 21
1 32 22
1 32 23
1 32 24
1 32 25
1 32 26
0 32 20
4 36 19
2 35 19
2 34 19
2 33 19
6 32 19
0 36 18
2 20 12
2 19 12
2 18 12
0 21 12
1 31 39
6 31 38
4 32 38
6 32 37
0 31 40
1 23 40
1 23 39
1 23 38
0 23 41
1 23 44
1 23 43
1 23 42
0 23 45
1 21 16
1 21 15
1 21 14
1 21 13
0 21 17
0 20 17
1 36 14
1 36 15
1 36 16
1 36 17
0 36 13
3 35 9
5 36 9
1 36 10
1 36 11
1 36 12
0 35 8
2 25 17
2 24 17
2 23 17
2 22 17
0 26 17
2 27 4
2 26 4
2 25 4
2 24 4
2 23 4
2 22 4
2 21 4
2 20 4
0 28 4
0 12 23
2 45 14
4 46 14
1 46 13
1 46 12
6 46 11
0 44 14
1 48 8
1 48 9
1 48 10
0 48 7
6 2 26
2 3 26
2 4 26
2 5 26
2 6 26
0 2 27
1 39 7
4 39 8
2 38 8
2 37 8
2 36 8
0 39 6
4 48 29
2 47 29
2 46 29
0 48 28
1 26 24
1 26 25
1 26 26
0 26 23
-1
-1
-1
-1
-1
-1
-1
-1
-1
-1
-1
-1
-1
-1
-1
-1
-1
-1
-1
-1
-1
-1
-1
-1
-1
-1
-1
-1
-1
-1
-1
-1
-1
-1
-1
-1
-1
-1
-1
-1
-1
-1
-1
-1
-1
-1
-1
-1
-1
-1
-1
-1
-1
-1
-1
-1
-1
-1
-1
-1
-1
-1
-1
-1
-1
-1
-1
-1
-1
-1
-1
-1
-1
-1
-1
-1
-1
-1
-1
-1
-1
-1
-1
-1
-1
-1
-1
-1
-1
-1
-1
-1
-1
-1
-1
-1
-1
-1
-1
-1
-1
-1
-1
-1
-1
-1
-1
-1
-1
-1
-1
-1
-1
-1
-1
-1
-1
-1
-1
-1
-1
-1
-1
-1
-1
-1
-1
-1
-1
-1
-1
-1
-1
-1
-1
-1
-1
-1
-1
-1
-1
-1
-1
-1
-1
-1
-1
-1
-1
-1
-1
-1
-1
-1
-1
-1
-1
-1
-1
-1
-1
-1
-1
-1
-1
-1
-1
-1
-1
-1
-1
-1
-1
-1
-1
-1
-1
-1
-1
-1
-1
-1
-1
-1
-1
-1
-1
-1
-1
-1
-1
-1
-1
-1
-1
-1
-1
-1
-1
-1
-1
-1
-1
-1
-1
-1
-1
-1
-1
-1
-1
-1
-1
-1
-1
-1
-1
-1
-1
-1
-1
-1
-1
-1
-1
-1
-1
-1
-1
-1
-1
-1
-1
-1
-1
-1
-1
-1
-1
-1
-1
-1
-1
-1
-1
-1
-1
-1
-1
-1
-1
-1
-1
-1
-1
-1
-1
-1
-1
-1
-1
-1
-1
