0 24 18
2 26 25
2 25 25
3 24 25
1 24 24
1 24 23
1 24 22
1 24 21
1 24 20
1 24 19
2 35 26
2 34 26
2 33 26
2 32 26
2 31 26
2 30 26
2 29 26
2 28 26
3 27 26
5 27 25
2 39 27
2 38 27
2 37 27
3 36 27
2 45 33
2 44 33
2 43 33
2 42 33
2 41 33
3 40 33
1 40 32
1 40 31
1 40 30
1 40 29
1 40 28
5 40 27
5 36 26
0 46 33
1 27 16
1 27 17
4 27 18
2 26 18
2 25 18
4 31 15
2 30 15
2 29 15
2 28 15
2 39 14
2 38 14
2 37 14
2 36 14
2 35 14
2 34 14
2 33 14
2 32 14
6 31 14
6 27 15
-1
-1
-1
-1
-1
-1
-1
-1
-1
-1
-1
-1
-1
-1
-1
-1
-1
-1
-1
-1
-1
-1
-1
-1
-1
-1
-1
-1
-1
-1
-1
-1
-1
-1
-1
-1
-1
-1
-1
-1
0 40 14
1 23 21
1 23 20
1 23 19
6 23 18
1 23 26
1 23 25
1 23 24
1 23 23
1 23 22
2 20 41
2 21 41
2 22 41
4 23 41
1 23 40
1 23 39
1 23 38
1 23 37
1 23 36
1 23 35
1 23 34
1 23 33
1 23 32
1 23 31
1 23 30
1 23 29
1 23 28
1 23 27
2 17 41
2 18 41
2 7 43
2 8 43
2 9 43
2 10 43
2 11 43
2 12 43
2 13 43
2 14 43
2 15 43
4 16 43
1 16 42
6 16 41
2 3 46
2 4 46
2 5 46
4 6 46
1 6 45
1 6 44
6 6 43
2 19 41
-1
-1
-1
-1
-1
-1
-1
-1
-1
-1
-1
-1
-1
-1
-1
-1
-1
-1
-1
-1
-1
-1
-1
-1
-1
-1
-1
-1
-1
-1
-1
-1
-1
-1
-1
-1
-1
-1
-1
-1
-1
-1
-1
-1
-1
-1
-1
-1
-1
-1
0 2 46
1 40 3
1 40 4
1 40 5
1 40 6
1 40 7
1 40 8
1 40 9
1 40 10
1 40 11
1 40 12
1 40 13
-1
-1
-1
-1
-1
-1
-1
-1
-1
-1
-1
-1
-1
-1
-1
-1
-1
-1
-1
-1
-1
-1
-1
-1
0 40 2
1 47 27
1 47 28
1 47 29
1 47 30
1 47 31
1 47 32
4 47 33
-1
-1
-1
-1
-1
-1
-1
-1
-1
-1
-1
-1
-1
-1
-1
0 47 26
4 46 35
1 46 34
4 45 41
1 45 40
1 45 39
1 45 38
1 45 37
1 45 36
6 45 35
-1
-1
-1
-1
-1
-1
-1
-1
-1
-1
0 44 41
-1
-1
-1
-1
-1
-1
-1
-1
-1
-1
-1
-1
-1
-1
0 19 41
-1
-1
-1
-1
-1
-1
-1
-1
-1
-1
-1
-1
0 23 27
2 42 14
2 41 14
1 47 11
1 47 12
1 47 13
4 47 14
2 46 14
2 45 14
2 44 14
2 43 14
-1
-1
-1
-1
0 47 10
2 43 37
5 44 37
1 44 38
1 44 39
1 44 40
-1
-1
-1
-1
-1
-1
0 42 37
2 18 48
4 19 48
1 19 47
1 19 46
1 19 45
1 19 44
1 19 43
1 19 42
-1
-1
-1
0 17 48
4 47 42
2 46 42
2 45 42
3 44 42
-1
-1
-1
-1
-1
-1
0 47 41
2 22 17
2 23 17
5 24 17
2 16 4
2 17 4
2 18 4
2 19 4
2 20 4
5 21 4
1 21 5
1 21 6
1 21 7
1 21 8
1 21 9
1 21 10
1 21 11
1 21 12
1 21 13
1 21 14
1 21 15
1 21 16
2 15 4
3 21 17
0 14 4
2 13 27
2 14 27
2 15 27
2 16 27
2 17 27
2 18 27
2 19 27
2 20 27
2 21 27
2 22 27
0 12 27
0 27 15
-1
-1
-1
-1
-1
0 36 26
-1
-1
-1
-1
-1
-1
-1
0 21 17
2 11 8
2 12 8
2 13 8
4 14 8
1 14 7
1 14 6
1 14 5
0 10 8
-1
-1
-1
-1
-1
-1
-1
0 45 35
4 40 18
1 40 17
1 40 16
1 40 15
-1
-1
0 39 18
-1
-1
-1
-1
-1
-1
0 31 14
-1
-1
-1
-1
-1
0 27 25
2 5 8
2 6 8
2 7 8
2 8 8
2 9 8
0 4 8
1 39 9
1 39 8
1 39 7
1 39 6
1 39 5
1 39 4
1 39 3
6 39 2
0 39 10
-1
-1
0 6 43
5 47 40
-1
-1
-1
-1
0 46 40
1 47 36
1 47 37
1 47 38
4 47 39
6 46 39
0 47 35
5 27 7
1 27 8
1 27 9
1 27 10
1 27 11
1 27 12
1 27 13
1 27 14
0 26 7
0 15 4
4 41 26
2 40 26
2 39 26
2 38 26
2 37 26
0 41 25
2 23 13
2 24 13
2 25 13
5 26 13
1 26 14
3 26 15
0 22 13
0 23 22
2 35 10
2 36 10
2 37 10
2 38 10
0 34 10
-1
-1
-1
0 40 27
2 11 11
3 10 11
1 10 10
1 10 9
0 12 11
2 36 19
2 37 19
2 38 19
4 39 19
0 35 19
2 17 21
2 18 21
2 19 21
2 20 21
2 21 21
5 22 21
3 22 22
0 16 21
1 24 37
1 24 36
1 24 35
1 24 34
1 24 33
1 24 32
1 24 31
1 24 30
1 24 29
1 24 28
5 24 27
0 24 38
0 43 14
2 13 49
2 14 49
2 15 49
2 16 49
4 17 49
0 12 49
-1
-1
-1
-1
-1
-1
-1
-1
-1
-1
-1
-1
-1
-1
-1
-1
-1
-1
-1
-1
-1
-1
-1
-1
-1
-1
-1
-1
-1
-1
-1
-1
-1
-1
-1
-1
-1
-1
-1
-1
-1
-1
-1
-1
-1
-1
-1
-1
-1
-1
-1
-1
-1
-1
-1
-1
-1
-1
-1
-1
-1
-1
-1
-1
-1
-1
-1
-1
-1
-1
-1
-1
-1
-1
-1
-1
-1
-1
-1
-1
-1
-1
-1
-1
-1
-1
-1
-1
-1
-1
-1
-1
-1
-1
-1
-1
-1
-1
-1
-1
-1
-1
-1
-1
-1
-1
-1
-1
-1
-1
-1
-1
-1
-1
-1
-1
-1
-1
-1
-1
-1
-1
-1
-1
-1
-1
-1
-1
-1
-1
-1
-1
-1
-1
-1
-1
-1
-1
-1
-1
-1
-1
-1
-1
-1
-1
-1
-1
-1
-1
-1
-1
-1
-1
-1
-1
-1
-1
-1
-1
-1
-1
-1
-1
-1
-1
-1
-1
-1
-1
-1
-1
-1
-1
-1
-1
-1
-1
-1
-1
-1
-1
-1
-1
-1
-1
-1
-1
-1
-1
-1
-1
-1
-1
-1
-1
-1
-1
-1
-1
-1
-1
-1
-1
-1
-1
-1
-1
-1
-1
-1
-1
-1
-1
-1
-1
-1
-1
-1
-1
-1
-1
-1
-1
-1
-1
-1
-1
-1
-1
-1
-1
-1
-1
-1
-1
-1
-1
-1
-1
-1
-1
-1
-1
-1
-1
-1
-1
-1
-1
-1
-1
-1
-1
-1
-1
-1
-1
-1
