# 1361409
# 1368020
# 1357154
# 1348062
# yaki_cnt = 236210
# real_sz = 105
0 31 29
1 33 32
1 33 31
5 33 30
3 32 30
5 32 29
2 34 33
3 38 34
5 38 33
2 37 33
2 36 33
2 35 33
3 40 39
1 40 38
1 40 37
5 40 36
3 39 36
1 39 35
5 39 34
5 43 46
2 42 46
3 41 46
1 41 45
1 41 44
1 41 43
1 41 42
1 41 41
1 41 40
5 41 39
3 33 33
0 43 47
6 28 29
2 29 29
2 30 29
1 28 31
1 28 30
-1
-1
-1
-1
-1
-1
-1
-1
-1
-1
-1
-1
-1
-1
-1
-1
-1
-1
0 28 32
6 27 33
4 28 33
2 25 34
2 26 34
4 27 34
2 20 34
2 21 34
2 22 34
2 23 34
6 17 35
2 18 35
4 19 35
6 19 34
1 17 38
1 17 37
1 17 36
2 24 34
-1
-1
-1
-1
-1
-1
-1
-1
-1
-1
-1
-1
-1
-1
-1
-1
-1
-1
-1
-1
-1
-1
-1
-1
-1
0 17 39
2 33 27
6 32 27
4 32 28
6 31 28
1 36 25
1 36 26
4 36 27
2 35 27
6 36 21
1 36 22
1 36 23
1 36 24
2 34 27
-1
-1
-1
-1
-1
-1
-1
-1
-1
-1
-1
-1
-1
-1
-1
0 37 21
-1
-1
-1
-1
-1
-1
-1
-1
-1
-1
-1
-1
-1
-1
-1
0 24 34
2 39 21
2 38 21
2 41 17
6 40 17
1 40 18
1 40 19
1 40 20
2 45 17
2 44 17
2 43 17
2 42 17
4 40 21
-1
-1
0 46 17
1 16 33
1 16 34
1 16 35
1 16 36
1 16 37
1 16 38
3 16 39
2 14 32
2 15 32
5 16 32
-1
-1
0 13 32
-1
-1
-1
-1
-1
-1
-1
0 33 33
2 46 47
2 45 47
2 44 47
-1
-1
-1
-1
-1
0 47 47
3 22 33
2 23 33
5 24 33
3 20 27
5 21 27
3 21 28
5 22 28
1 22 29
1 22 30
1 22 31
1 20 22
1 20 23
1 20 24
1 20 25
1 20 26
1 22 32
0 20 21
5 46 42
3 46 43
5 47 43
1 47 44
1 47 45
1 47 46
0 45 42
3 18 33
5 18 32
3 17 32
5 17 31
2 16 31
2 15 31
2 14 31
6 13 31
0 19 33
0 34 27
2 21 21
2 24 21
2 23 21
2 22 21
4 26 19
6 25 19
1 25 20
4 25 21
0 26 18
0 41 39
0 39 34
-1
-1
-1
0 25 21
4 45 45
1 45 44
1 45 43
0 44 45
-1
-1
-1
0 22 32
-1
-1
-1
0 40 21
-1
-1
0 20 26
-1
-1
-1
0 17 36
4 21 39
2 20 39
2 19 39
2 18 39
0 21 38
1 25 22
0 25 23
-1
-1
0 19 21
3 43 49
1 43 48
0 44 49
-1
-1
0 36 24
2 23 38
2 22 38
0 24 38
5 21 40
2 20 40
2 19 40
2 18 40
3 17 40
0 21 41
2 17 21
2 18 21
0 16 21
0 42 17
-1
0 28 30
1 33 35
1 33 34
0 33 36
1 13 39
1 13 38
1 13 37
1 13 36
1 13 35
1 13 34
1 13 33
0 13 40
1 39 31
1 39 32
1 39 33
0 39 30
2 41 34
2 40 34
0 42 34
6 31 36
2 32 36
0 31 37
0 27 34
6 28 15
1 28 16
1 28 17
4 28 18
2 27 18
0 29 15
1 39 27
1 39 28
1 39 29
0 39 26
6 29 11
1 29 12
1 29 13
1 29 14
0 30 11
2 34 11
2 33 11
2 32 11
2 31 11
0 35 11
0 21 42
2 47 41
2 46 41
6 45 41
0 48 41
3 13 42
1 13 41
0 14 42
1 30 6
1 30 7
1 30 8
1 30 9
1 30 10
0 30 5
4 14 45
1 14 44
1 14 43
0 13 45
1 29 2
1 29 3
3 29 4
5 30 4
0 29 1
2 36 1
2 35 1
2 34 1
2 33 1
2 32 1
2 31 1
2 30 1
0 37 1
1 30 39
1 30 38
6 30 37
0 30 40
1 39 46
3 39 47
2 40 47
2 41 47
2 42 47
0 39 45
0 22 21
2 29 40
0 28 40
5 42 26
2 41 26
2 40 26
0 42 27
2 11 45
2 12 45
0 10 45
0 12 32
0 35 33
0 9 45
1 39 44
0 39 43
6 6 46
2 7 46
4 8 46
6 8 45
0 6 47
5 24 16
3 24 17
2 25 17
5 26 17
0 23 16
2 37 45
2 38 45
0 36 45
1 21 44
1 21 43
0 21 45
6 43 24
1 43 25
1 43 26
4 43 27
0 44 24
0 19 34
0 48 47
1 48 37
1 48 38
1 48 39
1 48 40
0 48 36
1 48 33
1 48 34
1 48 35
0 48 32
0 16 32
2 28 21
2 27 21
2 26 21
0 29 21
3 22 12
5 23 12
1 23 13
1 23 14
1 23 15
0 22 11
2 20 11
2 21 11
0 19 11
2 33 45
2 34 45
2 35 45
0 32 45
2 38 11
2 37 11
2 36 11
0 39 11
4 25 10
6 24 10
4 24 11
2 23 11
0 25 9
1 32 46
0 32 47
2 4 47
2 5 47
0 3 47
1 48 28
1 48 29
1 48 30
1 48 31
0 48 27
5 15 46
2 14 46
3 13 46
0 15 47
1 16 18
1 16 19
1 16 20
0 16 17
5 35 23
3 35 24
0 34 23
6 39 16
2 40 16
2 41 16
5 42 16
0 39 17
2 40 11
0 41 11
6 16 11
2 17 11
2 18 11
0 16 12
1 34 20
1 34 21
1 34 22
0 34 19
2 31 47
0 30 47
1 27 41
6 27 40
0 27 42
2 5 32
2 6 32
2 7 32
2 8 32
2 9 32
2 10 32
2 11 32
0 4 32
2 44 10
6 43 10
4 43 11
2 42 11
0 45 10
1 4 29
1 4 30
1 4 31
0 4 28
2 32 40
2 31 40
0 33 40
2 27 47
2 28 47
2 29 47
0 26 47
2 31 26
2 32 26
2 33 26
5 34 26
0 30 26
2 46 10
0 47 10
2 13 9
5 14 9
1 14 10
1 14 11
3 14 12
2 15 12
0 12 9
1 43 32
4 43 33
6 42 33
0 43 31
2 7 9
2 8 9
2 9 9
2 10 9
2 11 9
0 6 9
1 36 47
1 36 46
0 36 48
3 36 37
5 36 36
2 35 36
2 34 36
0 37 37
2 4 8
2 5 8
5 6 8
0 3 8
6 3 0
1 3 1
1 3 2
1 3 3
1 3 4
1 3 5
1 3 6
1 3 7
0 4 0
1 6 13
1 6 12
1 6 11
1 6 10
0 6 14
4 10 23
1 10 22
6 10 21
2 11 21
2 12 21
2 13 21
2 14 21
2 15 21
0 9 23
2 18 2
5 19 2
1 19 3
1 19 4
1 19 5
1 19 6
1 19 7
1 19 8
1 19 9
1 19 10
0 17 2
-1
-1
-1
-1
-1
-1
-1
-1
-1
-1
-1
-1
-1
-1
-1
-1
-1
-1
-1
-1
-1
-1
-1
-1
-1
-1
-1
-1
-1
-1
-1
-1
-1
-1
-1
-1
-1
-1
-1
-1
-1
-1
-1
-1
-1
-1
-1
-1
-1
-1
-1
-1
-1
-1
-1
-1
-1
-1
-1
-1
-1
-1
-1
-1
-1
-1
-1
-1
-1
-1
-1
-1
-1
-1
-1
-1
-1
-1
-1
-1
-1
-1
-1
-1
-1
-1
-1
-1
-1
-1
-1
-1
-1
-1
-1
-1
-1
-1
-1
-1
-1
-1
-1
-1
-1
-1
-1
-1
-1
-1
-1
-1
-1
-1
-1
-1
-1
-1
-1
-1
-1
-1
-1
-1
-1
-1
-1
-1
-1
-1
-1
-1
-1
-1
-1
-1
-1
-1
-1
-1
-1
-1
-1
-1
-1
-1
-1
-1
-1
-1
-1
-1
-1
-1
-1
-1
-1
-1
-1
-1
-1
-1
-1
-1
-1
-1
-1
-1
-1
-1
-1
-1
-1
-1
-1
-1
-1
-1
-1
-1
-1
-1
-1
-1
-1
-1
-1
-1
-1
-1
-1
-1
-1
-1
-1
-1
-1
-1
-1
-1
-1
-1
-1
-1
-1
-1
-1
-1
-1
-1
-1
-1
-1
-1
-1
-1
-1
-1
-1
-1
-1
