# start_size = 138
# yaki_cnt = 45780
# end_size = 138
# real_sz = 138
0 34 36
1 34 33
1 34 34
1 34 35
4 35 23
6 34 23
1 34 24
1 34 25
1 34 26
1 34 27
1 34 28
1 34 29
1 34 30
1 34 31
6 35 9
1 35 10
1 35 11
1 35 12
1 35 13
1 35 14
1 35 15
1 35 16
1 35 17
1 35 18
1 35 19
1 35 20
1 35 21
1 35 22
2 38 8
2 37 8
6 36 8
4 36 9
1 40 5
4 40 6
6 39 6
1 39 7
1 41 2
4 41 3
6 40 3
1 40 4
4 39 8
1 34 32
0 41 1
2 32 38
4 33 38
1 33 37
6 33 36
2 29 38
2 30 38
2 26 38
2 27 38
2 28 38
2 31 38
-1
-1
-1
-1
-1
-1
-1
-1
-1
-1
-1
-1
-1
-1
-1
-1
-1
-1
-1
-1
-1
-1
-1
-1
-1
-1
-1
-1
-1
-1
-1
-1
-1
-1
-1
0 25 38
6 36 2
2 37 2
4 38 2
6 38 1
2 39 1
2 40 1
1 36 6
1 36 5
1 36 4
1 36 3
4 35 8
6 35 7
2 30 8
2 31 8
2 32 8
2 33 8
2 6 8
2 7 8
2 8 8
2 9 8
2 10 8
2 11 8
2 12 8
2 13 8
2 14 8
2 15 8
2 16 8
2 17 8
2 18 8
2 19 8
2 20 8
2 21 8
2 22 8
2 23 8
2 24 8
2 25 8
2 26 8
2 27 8
2 28 8
2 29 8
2 34 8
4 36 7
0 5 8
1 5 10
1 5 9
2 4 11
6 2 13
4 3 13
1 3 12
6 3 11
4 5 11
0 2 14
1 42 3
1 42 2
5 42 1
2 46 4
2 45 4
2 44 4
2 43 4
3 42 4
0 47 4
-1
0 34 32
2 2 8
2 3 8
2 4 8
-1
0 1 8
1 34 39
1 34 38
1 34 37
0 34 40
-1
0 5 11
1 25 34
1 25 35
1 25 36
1 25 37
0 25 33
1 47 5
0 47 6
0 42 4
3 42 8
1 42 7
1 42 6
1 42 5
0 43 8
0 39 8
2 31 41
2 32 41
2 33 41
4 34 41
0 30 41
0 31 38
0 36 7
0 36 3
5 8 12
3 7 12
5 7 11
2 6 11
0 8 13
2 10 15
2 9 15
3 8 15
1 8 14
0 11 15
1 31 35
1 31 36
1 31 37
0 31 34
0 28 38
0 11 16
4 2 16
1 2 15
0 1 16
5 25 29
1 25 30
1 25 31
1 25 32
0 24 29
1 9 11
1 9 12
4 9 13
0 9 10
0 28 37
5 22 37
3 22 38
2 23 38
2 24 38
0 21 37
2 18 37
2 19 37
2 20 37
0 17 37
1 17 36
0 17 35
0 36 9
6 8 17
2 9 17
2 10 17
4 11 17
0 8 18
1 5 19
6 5 18
2 6 18
2 7 18
0 5 20
4 14 38
6 14 37
2 15 37
2 16 37
0 13 38
2 12 41
4 13 41
1 13 40
1 13 39
0 11 41
1 11 43
1 11 42
0 11 44
4 27 33
2 26 33
0 27 32
4 29 32
2 28 32
0 29 31
2 38 0
2 39 0
2 40 0
5 41 0
0 37 0
2 35 36
0 36 36
4 8 7
2 7 7
2 6 7
6 5 7
0 8 6
3 47 9
1 47 8
1 47 7
0 48 9
1 24 28
0 24 27
1 9 3
1 9 4
4 9 5
6 8 5
0 9 2
0 40 4
2 37 38
3 36 38
1 36 37
0 38 38
5 41 38
2 40 38
2 39 38
0 41 39
6 40 35
4 40 36
2 39 36
2 38 36
2 37 36
0 41 35
0 28 36
4 7 15
1 7 14
6 7 13
0 6 15
0 34 8
0 29 8
1 32 10
6 32 9
2 33 9
4 34 9
0 32 11
1 1 10
1 1 9
0 1 11
1 32 13
1 32 12
0 32 14
1 28 29
1 28 30
3 28 31
0 28 28
2 31 28
2 30 28
2 29 28
0 32 28
5 32 24
1 32 25
1 32 26
1 32 27
0 31 24
1 17 32
1 17 33
1 17 34
0 17 31
2 20 31
2 19 31
2 18 31
0 21 31
6 23 39
2 24 39
4 25 39
0 23 40
2 20 41
4 21 41
6 21 40
2 22 40
0 19 41
6 11 12
1 11 13
1 11 14
0 12 12
2 14 12
2 13 12
0 15 12
1 15 13
0 15 14
3 25 42
5 25 41
3 24 41
5 24 40
0 26 42
3 37 12
5 37 11
3 36 11
1 36 10
0 38 12
2 39 12
0 40 12
2 32 3
2 33 3
2 34 3
2 35 3
0 31 3
1 1 6
1 1 7
0 1 5
1 24 34
6 24 33
0 24 35
6 4 23
4 5 23
1 5 22
1 5 21
0 4 24
3 10 20
1 10 19
5 10 18
2 9 18
0 11 20
5 29 1
1 29 2
3 29 3
2 30 3
0 28 1
1 45 10
5 45 9
2 44 9
3 43 9
0 45 11
6 34 42
4 35 42
1 35 41
5 35 40
0 34 43
6 7 23
4 7 24
2 6 24
2 5 24
0 8 23
2 44 39
2 43 39
2 42 39
0 45 39
5 12 20
0 12 21
3 10 7
5 10 6
2 9 6
0 11 7
2 48 4
0 49 4
2 13 7
2 12 7
0 14 7
1 12 25
1 12 24
1 12 23
1 12 22
0 12 26
1 32 1
4 32 2
6 31 2
0 32 0
2 15 31
2 16 31
0 14 31
5 13 2
2 12 2
2 11 2
2 10 2
0 13 3
1 10 36
3 10 37
5 11 37
3 11 38
2 12 38
0 10 35
4 23 44
1 23 43
1 23 42
1 23 41
0 22 44
3 45 2
5 46 2
3 46 3
5 47 3
0 45 1
6 17 9
1 17 10
1 17 11
4 17 12
2 16 12
0 18 9
3 30 45
1 30 44
1 30 43
1 30 42
0 31 45
6 24 1
2 25 1
2 26 1
2 27 1
0 24 2
1 36 42
4 36 43
2 35 43
0 36 41
4 38 15
1 38 14
1 38 13
0 37 15
5 32 4
3 31 4
0 32 5
3 42 14
1 42 13
5 42 12
2 41 12
0 43 14
4 18 44
1 18 43
6 18 42
4 19 42
0 17 44
2 45 34
2 44 34
2 43 34
2 42 34
6 41 34
0 46 34
1 46 33
0 46 32
6 18 28
1 18 29
4 18 30
6 17 30
0 19 28
0 3 11
6 2 2
1 2 3
4 2 4
6 1 4
0 3 2
1 19 46
5 19 45
2 18 45
3 17 45
0 19 47
5 29 6
1 29 7
0 28 6
2 39 32
2 38 32
2 37 32
2 36 32
2 35 32
0 40 32
2 16 41
2 17 41
2 18 41
0 15 41
2 29 14
2 30 14
2 31 14
0 28 14
2 27 10
2 28 10
4 29 10
1 29 9
0 26 10
1 1 20
1 1 19
1 1 18
1 1 17
0 1 21
3 23 25
5 24 25
1 24 26
0 23 24
4 28 18
1 28 17
1 28 16
1 28 15
0 27 18
2 21 24
2 22 24
0 20 24
1 4 29
1 4 28
1 4 27
1 4 26
1 4 25
0 4 30
1 4 33
1 4 32
1 4 31
0 4 34
2 39 29
5 40 29
1 40 30
1 40 31
0 38 29
1 8 24
0 8 25
2 19 14
2 18 14
2 17 14
2 16 14
0 20 14
5 7 31
2 6 31
3 5 31
5 5 30
0 7 32
3 37 26
5 38 26
1 38 27
1 38 28
0 37 25
1 17 2
4 17 3
2 16 3
2 15 3
2 14 3
0 17 1
4 20 1
2 19 1
2 18 1
0 20 0
3 7 41
2 8 41
2 9 41
2 10 41
0 7 40
0 35 22
1 47 42
1 47 41
5 47 40
3 46 40
5 46 39
0 47 43
1 43 30
1 43 31
4 43 32
2 42 32
2 41 32
0 43 29
1 5 42
1 5 41
6 5 40
2 6 40
0 5 43
2 3 40
5 4 40
1 4 41
1 4 42
3 4 43
0 2 40
4 39 22
2 38 22
2 37 22
2 36 22
0 39 21
1 41 42
1 41 41
1 41 40
0 41 43
2 21 11
6 20 11
1 20 12
1 20 13
0 22 11
4 23 6
6 23 5
4 24 5
1 24 4
1 24 3
0 22 6
1 44 25
1 44 26
4 44 27
6 43 27
1 43 28
0 44 24
2 14 19
2 13 19
2 12 19
6 11 19
0 15 19
5 28 21
3 27 21
1 27 20
1 27 19
0 28 22
5 23 14
2 22 14
2 21 14
0 23 15
0 34 31
1 34 19
1 34 20
1 34 21
3 34 22
0 34 18
-1
-1
-1
-1
-1
-1
-1
-1
-1
-1
-1
-1
-1
-1
-1
-1
-1
-1
-1
-1
-1
-1
-1
-1
-1
-1
-1
-1
-1
-1
-1
-1
-1
-1
-1
-1
-1
-1
-1
-1
-1
-1
-1
-1
-1
-1
-1
-1
-1
-1
-1
-1
-1
-1
-1
-1
-1
-1
-1
-1
-1
-1
-1
-1
-1
-1
-1
-1
-1
-1
-1
-1
-1
-1
-1
-1
-1
-1
-1
-1
-1
-1
-1
-1
-1
-1
-1
-1
-1
-1
-1
-1
-1
-1
-1
-1
-1
-1
-1
-1
-1
-1
-1
-1
-1
-1
-1
-1
-1
-1
-1
-1
-1
-1
-1
-1
-1
-1
-1
-1
-1
-1
-1
-1
-1
-1
-1
-1
-1
-1
-1
-1
