# cancel = 572
0 1 39
2 13 39
2 12 39
2 11 39
2 10 39
2 9 39
2 8 39
2 7 39
2 6 39
2 5 39
2 4 39
2 3 39
2 2 39
2 18 39
2 17 39
2 16 39
2 15 39
2 20 39
2 19 39
2 14 39
1 21 35
1 21 36
1 21 37
1 21 38
4 23 34
2 22 34
1 24 28
1 24 29
1 24 30
1 24 31
1 24 32
4 24 33
6 23 33
6 21 34
1 24 22
1 24 23
1 24 24
1 24 25
1 24 26
1 24 20
1 25 12
1 25 13
1 25 14
1 25 15
1 25 16
1 25 17
4 25 18
6 24 18
1 24 19
1 24 21
1 24 27
2 27 11
2 26 11
6 25 11
2 30 11
2 29 11
2 33 11
2 32 11
1 34 7
1 34 8
1 34 9
1 34 10
4 34 11
2 31 11
2 28 11
1 34 4
1 34 5
1 34 6
2 35 3
6 34 3
4 21 39
0 36 3
-1
-1
-1
-1
-1
-1
-1
-1
-1
-1
-1
-1
-1
-1
-1
-1
-1
0 21 39
2 22 40
3 21 40
1 23 42
1 23 41
5 23 40
-1
-1
-1
-1
-1
-1
-1
-1
-1
-1
-1
-1
-1
-1
-1
-1
-1
-1
-1
-1
-1
-1
0 23 43
-1
-1
-1
-1
-1
-1
-1
-1
-1
-1
-1
-1
-1
-1
-1
-1
0 34 3
1 8 35
1 8 36
1 8 37
4 8 38
2 7 38
2 6 38
2 5 38
2 4 38
2 3 38
2 2 38
6 1 38
-1
-1
-1
-1
-1
0 8 34
1 36 2
-1
-1
-1
-1
-1
-1
-1
-1
-1
0 36 1
2 10 34
2 9 34
1 11 32
1 11 33
4 11 34
-1
-1
-1
-1
-1
0 11 31
-1
-1
-1
-1
-1
-1
-1
0 34 6
2 5 42
2 4 42
2 3 42
2 2 42
3 1 42
1 1 41
1 1 40
0 6 42
2 12 31
2 15 31
2 14 31
2 13 31
-1
-1
0 16 31
-1
-1
-1
-1
0 28 11
-1
-1
-1
-1
0 31 11
-1
-1
-1
-1
0 25 11
-1
-1
-1
0 11 34
-1
-1
-1
0 37 3
1 16 28
1 16 29
1 16 30
1 16 25
1 16 26
1 16 27
0 16 24
1 16 23
0 16 22
3 31 17
1 31 16
1 31 15
1 31 14
1 31 13
1 31 12
2 33 25
3 32 25
1 32 24
1 32 23
1 32 22
1 32 21
1 32 20
1 32 19
1 32 18
2 34 25
2 35 25
1 36 27
1 36 26
5 36 25
5 32 17
0 36 28
0 32 17
3 28 17
1 28 16
1 28 15
1 28 14
1 28 13
1 28 12
0 29 17
1 36 31
1 36 30
1 36 29
1 36 38
1 36 37
1 36 36
1 36 35
1 36 34
1 36 33
1 36 32
0 36 39
1 38 25
1 38 26
1 38 27
4 38 28
2 37 28
0 38 24
5 11 29
1 11 30
0 10 29
0 23 40
2 39 39
2 38 39
2 37 39
2 41 39
4 44 39
2 43 39
2 42 39
2 40 39
1 44 37
1 44 35
1 44 36
1 44 38
0 44 34
0 44 38
0 40 39
0 36 25
0 14 39
2 30 3
2 31 3
2 32 3
2 33 3
2 28 3
2 29 3
0 27 3
2 18 44
2 19 44
2 20 44
2 21 44
2 22 44
4 23 44
0 17 44
4 36 17
2 35 17
2 34 17
2 33 17
1 36 15
1 36 16
0 36 14
2 15 47
4 16 47
1 16 46
1 16 45
6 16 44
0 14 47
2 38 14
2 37 14
1 40 12
1 40 13
4 40 14
2 39 14
0 40 11
2 32 28
2 33 28
2 34 28
2 35 28
2 31 28
2 28 28
2 29 28
2 30 28
5 27 27
3 27 28
0 26 27
0 24 27
0 24 21
2 46 34
2 45 34
1 47 32
1 47 33
4 47 34
0 47 31
0 47 34
4 38 1
2 37 1
0 38 0
0 34 11
2 46 29
5 47 29
1 47 30
1 45 27
1 45 28
3 45 29
0 45 26
2 22 11
2 23 11
2 24 11
1 21 10
2 16 9
2 17 9
2 18 9
2 19 9
2 20 9
5 21 9
3 21 11
0 15 9
2 14 9
2 9 9
2 10 9
2 11 9
2 12 9
2 13 9
0 8 9
2 9 12
3 8 12
1 8 11
1 8 10
0 10 12
0 13 47
2 6 9
2 7 9
0 5 9
0 21 11
3 5 12
1 5 11
1 5 10
1 6 18
1 6 17
1 6 16
1 6 15
1 6 14
1 6 13
5 6 12
0 6 19
1 21 14
1 21 13
1 21 12
0 21 15
2 18 48
2 17 48
2 16 48
2 15 48
3 14 48
0 19 48
2 34 39
2 35 39
4 33 40
6 33 39
0 32 40
4 19 22
2 18 22
2 17 22
0 19 21
0 6 12
2 15 19
5 16 19
1 16 20
1 16 21
0 14 19
0 29 3
0 44 36
2 26 23
3 25 23
1 25 22
5 25 21
0 27 23
0 21 9
0 40 10
1 8 5
1 8 6
1 8 7
1 8 8
0 8 4
0 36 16
0 13 46
0 21 34
2 3 8
2 4 8
5 5 8
0 2 8
2 2 29
2 3 29
2 4 29
2 5 29
2 6 29
2 7 29
2 8 29
2 9 29
0 1 29
3 15 11
1 15 10
0 16 11
2 39 5
2 38 5
3 37 5
1 37 4
0 40 5
1 13 45
0 13 44
0 42 39
2 9 4
2 11 4
1 13 3
4 13 4
2 12 4
2 10 4
0 13 2
0 23 44
2 12 34
0 13 34
0 5 19
1 21 6
1 21 7
1 21 8
0 21 5
0 10 4
0 27 28
5 34 1
1 34 2
0 33 1
0 20 34
0 16 27
0 35 25
0 24 19
0 13 9
0 19 34
1 2 6
1 2 7
0 2 5
5 17 27
0 17 28
0 12 4
1 36 22
1 36 23
1 36 24
0 36 21
4 18 28
0 18 27
2 43 26
2 44 26
0 42 26
2 15 24
0 14 24
2 41 11
0 42 11
2 24 44
0 25 44
5 21 3
1 21 4
0 20 3
1 29 18
0 29 19
1 27 31
1 27 30
1 27 29
0 27 32
4 26 40
2 25 40
2 24 40
0 26 39
1 42 21
1 42 22
1 42 23
1 42 24
1 42 25
0 42 20
3 42 15
1 42 14
1 42 13
1 42 12
0 43 15
1 29 5
1 29 4
0 29 6
0 30 28
0 8 8
2 43 34
0 42 34
0 23 33
0 26 3
0 34 25
0 24 18
0 45 29
0 41 20
1 15 7
1 15 8
0 15 6
0 19 39
5 20 21
0 20 22
2 19 3
0 18 3
1 6 43
0 6 44
4 2 11
1 2 10
1 2 9
0 1 11
1 18 2
0 18 1
0 39 14
0 16 44
0 33 39
2 13 24
0 12 24
0 13 31
0 25 43
0 31 28
0 18 34
2 43 5
2 42 5
2 41 5
0 44 5
2 17 34
0 16 34
5 14 17
1 14 18
0 13 17
0 20 9
0 36 32
1 27 37
1 27 38
4 27 39
0 27 36
3 25 47
1 25 46
1 25 45
0 26 47
-1
-1
-1
-1
-1
-1
-1
-1
-1
-1
-1
-1
-1
-1
-1
-1
-1
-1
-1
-1
-1
-1
-1
-1
-1
-1
-1
-1
-1
-1
-1
-1
-1
-1
-1
-1
-1
-1
-1
-1
-1
-1
-1
-1
-1
-1
-1
-1
-1
-1
-1
-1
-1
-1
-1
-1
-1
-1
-1
-1
-1
-1
-1
-1
-1
-1
-1
-1
-1
-1
-1
-1
-1
-1
-1
-1
-1
-1
-1
-1
-1
-1
-1
-1
-1
-1
-1
-1
-1
-1
-1
-1
-1
-1
-1
-1
-1
-1
-1
-1
-1
-1
-1
-1
-1
-1
-1
-1
-1
-1
-1
-1
-1
-1
-1
-1
-1
-1
-1
-1
-1
-1
-1
-1
-1
-1
-1
-1
-1
-1
-1
-1
-1
-1
-1
-1
-1
-1
-1
-1
-1
-1
-1
-1
-1
-1
-1
-1
-1
-1
-1
-1
-1
-1
-1
-1
-1
-1
-1
-1
-1
-1
-1
-1
-1
-1
-1
-1
-1
-1
-1
-1
-1
-1
-1
-1
-1
-1
-1
-1
-1
-1
-1
-1
-1
-1
-1
-1
-1
-1
-1
-1
-1
-1
-1
-1
-1
-1
-1
-1
-1
-1
-1
-1
