0 5 15
2 7 15
2 6 15
2 12 15
2 11 15
2 10 15
2 9 15
2 8 15
2 20 15
2 19 15
2 18 15
2 17 15
2 16 15
2 15 15
2 14 15
3 21 25
1 21 24
1 21 23
1 21 22
1 21 21
1 21 20
1 21 19
1 21 18
1 21 17
1 21 16
2 23 27
3 22 27
1 22 26
5 22 25
5 21 15
2 25 27
2 29 40
2 28 40
2 27 40
3 26 40
1 26 39
1 26 38
1 26 37
1 26 36
1 26 35
1 26 34
1 26 33
1 26 32
1 26 31
1 26 30
1 26 29
1 26 28
5 26 27
2 37 40
2 36 40
2 35 40
2 34 40
2 33 40
2 32 40
2 31 40
2 30 40
2 24 27
2 41 44
2 40 44
2 39 44
3 38 44
1 38 43
1 38 42
1 38 41
5 38 40
2 13 15
0 42 44
1 44 41
1 44 42
-1
1 44 43
4 44 44
-1
2 43 44
-1
-1
-1
-1
-1
-1
-1
-1
-1
-1
-1
-1
-1
-1
-1
-1
-1
-1
-1
-1
-1
-1
-1
-1
-1
-1
-1
-1
-1
-1
-1
-1
-1
-1
-1
-1
-1
-1
-1
-1
-1
-1
-1
-1
-1
-1
-1
-1
-1
-1
-1
-1
-1
-1
-1
-1
-1
-1
-1
-1
-1
-1
-1
-1
-1
-1
-1
-1
-1
-1
0 44 40
-1
-1
-1
-1
-1
-1
-1
-1
-1
-1
-1
-1
-1
-1
-1
-1
-1
-1
-1
-1
-1
-1
-1
-1
-1
-1
-1
-1
-1
-1
-1
-1
-1
-1
-1
-1
-1
0 13 15
1 15 13
4 15 14
2 14 14
6 13 14
-1
-1
-1
-1
-1
-1
-1
-1
-1
-1
-1
-1
-1
-1
-1
-1
-1
-1
-1
-1
-1
-1
-1
-1
0 15 12
-1
-1
-1
-1
-1
-1
-1
-1
-1
-1
-1
-1
-1
-1
-1
-1
-1
-1
-1
0 38 40
4 13 31
1 13 30
1 13 29
1 13 28
1 13 27
1 13 26
1 13 25
1 13 24
1 13 23
1 13 22
1 13 21
1 13 20
1 13 19
1 13 18
1 13 17
1 13 16
-1
-1
-1
-1
0 12 31
-1
-1
-1
-1
-1
-1
-1
-1
-1
-1
-1
-1
-1
-1
0 24 27
2 8 19
2 7 19
2 6 19
3 5 19
1 5 18
1 5 17
1 5 16
-1
-1
-1
-1
-1
-1
-1
-1
0 9 19
1 18 11
4 18 12
2 17 12
2 16 12
2 22 10
2 21 10
2 20 10
2 19 10
1 28 6
1 28 7
1 28 8
1 28 9
4 28 10
2 27 10
2 26 10
2 25 10
2 24 10
2 23 10
4 42 5
2 41 5
2 40 5
2 39 5
2 38 5
2 37 5
2 36 5
2 35 5
2 34 5
2 33 5
2 32 5
2 31 5
2 30 5
2 29 5
1 42 3
1 42 4
6 28 5
6 18 10
0 42 2
2 11 37
4 12 37
1 12 36
1 12 35
1 12 34
1 12 33
1 12 32
0 10 37
2 4 11
5 5 11
1 5 12
1 5 13
1 5 14
1 3 9
1 3 10
3 3 11
0 3 8
1 6 3
1 6 4
1 6 5
1 6 6
1 6 7
4 6 8
2 5 8
2 4 8
0 6 2
1 44 36
1 44 37
1 44 38
1 44 39
-1
-1
-1
0 44 35
-1
-1
-1
-1
-1
-1
-1
-1
0 21 15
2 13 39
2 12 39
2 11 39
3 10 39
1 10 38
5 14 39
-1
-1
0 14 40
1 27 22
1 27 23
1 27 24
1 27 25
4 27 26
2 26 26
2 25 26
6 24 26
0 27 21
1 20 21
1 20 22
1 20 23
1 20 24
1 20 25
3 20 26
5 21 26
1 21 27
3 21 28
2 22 28
2 23 28
4 24 28
0 20 20
-1
-1
-1
0 30 40
-1
-1
-1
-1
-1
-1
0 18 10
2 40 48
2 41 48
4 42 48
1 42 47
1 42 46
1 42 45
0 39 48
2 17 6
5 18 6
1 18 7
1 18 8
1 18 9
-1
0 16 6
1 18 33
1 18 34
1 18 35
1 18 36
1 18 37
1 18 38
1 18 39
4 18 40
2 17 40
2 16 40
2 15 40
1 18 32
0 18 31
2 14 34
2 15 34
2 16 34
4 17 34
1 17 33
1 17 32
6 17 31
0 13 34
2 32 29
2 31 29
2 30 29
2 29 29
3 28 29
1 28 28
1 28 27
1 28 26
1 28 25
1 28 24
1 28 23
1 28 22
5 28 21
0 33 29
2 10 22
3 9 22
1 9 21
1 9 20
0 11 22
2 3 14
5 4 14
3 4 15
0 2 14
2 16 19
2 17 19
2 18 19
2 19 19
5 20 19
0 15 19
2 33 48
2 34 48
2 35 48
2 36 48
2 37 48
2 38 48
0 32 48
0 28 5
2 13 11
2 14 11
5 15 11
0 12 11
0 8 15
4 20 41
2 19 41
2 18 41
2 17 41
2 16 41
2 15 41
3 14 41
0 20 40
1 16 3
1 16 4
1 16 5
0 16 2
2 34 35
3 33 35
1 33 34
1 33 33
1 33 32
1 33 31
1 33 30
0 35 35
0 26 27
2 33 21
2 32 21
2 31 21
2 30 21
3 29 21
5 29 20
2 28 20
6 27 20
0 34 21
2 3 2
2 4 2
2 5 2
0 2 2
0 42 4
0 3 11
2 1 31
2 2 31
2 3 31
2 4 31
2 5 31
2 6 31
2 7 31
2 8 31
2 9 31
2 10 31
2 11 31
0 0 31
0 23 10
0 14 39
0 18 32
2 7 35
2 8 35
2 9 35
5 10 35
1 10 36
0 6 35
1 34 18
1 34 19
1 34 20
0 34 17
2 42 17
2 41 17
2 40 17
2 39 17
2 38 17
2 37 17
2 36 17
2 35 17
2 46 17
2 45 17
2 44 17
2 43 17
0 47 17
1 0 29
1 0 30
0 0 28
1 22 39
4 22 40
2 21 40
0 22 38
0 43 17
0 22 25
5 18 29
1 18 30
0 17 29
1 29 10
4 29 11
2 28 11
2 27 11
2 26 11
2 25 11
2 24 11
3 23 11
0 29 9
-1
-1
-1
-1
-1
-1
-1
-1
-1
-1
-1
-1
-1
-1
-1
-1
-1
-1
-1
-1
-1
-1
-1
-1
-1
-1
-1
-1
-1
-1
-1
-1
-1
-1
-1
-1
-1
-1
-1
-1
-1
-1
-1
-1
-1
-1
-1
-1
-1
-1
-1
-1
-1
-1
-1
-1
-1
-1
-1
-1
-1
-1
-1
-1
-1
-1
-1
-1
-1
-1
-1
-1
-1
-1
-1
-1
-1
-1
-1
-1
-1
-1
-1
-1
-1
-1
-1
-1
-1
-1
-1
-1
-1
-1
-1
-1
-1
-1
-1
-1
-1
-1
-1
-1
-1
-1
-1
-1
-1
-1
-1
-1
-1
-1
-1
-1
-1
-1
-1
-1
-1
-1
-1
-1
-1
-1
-1
-1
-1
-1
-1
-1
-1
-1
-1
-1
-1
-1
-1
-1
-1
-1
-1
-1
-1
-1
-1
-1
-1
-1
-1
-1
-1
-1
-1
-1
-1
-1
-1
-1
-1
-1
-1
-1
-1
-1
-1
-1
-1
-1
-1
-1
-1
-1
-1
-1
-1
-1
-1
-1
-1
-1
-1
-1
-1
-1
-1
-1
-1
-1
-1
-1
-1
-1
-1
-1
-1
-1
-1
-1
-1
-1
-1
-1
-1
-1
-1
-1
-1
-1
-1
-1
-1
-1
-1
-1
-1
-1
-1
-1
-1
-1
