# money = 4997349
# income = 15124
1 45 19
1 45 20
1 45 21
1 45 22
1 45 23
1 45 24
1 45 25
1 45 26
1 45 27
1 45 28
1 45 29
1 45 30
1 45 31
1 45 32
1 45 33
1 45 34
1 45 35
1 45 36
1 45 37
1 45 38
1 45 39
1 45 40
1 45 41
1 45 42
1 45 43
1 45 44
4 45 45
2 44 45
2 43 45
2 42 45
2 41 45
2 40 45
2 39 45
2 38 45
2 37 45
2 36 45
2 35 45
2 34 45
2 33 45
2 32 45
2 31 45
2 30 45
2 29 45
2 28 45
2 27 45
2 26 45
2 25 45
2 24 45
2 23 45
0 22 45
0 45 18
-1
-1
-1
-1
-1
-1
-1
-1
-1
-1
-1
-1
-1
-1
-1
-1
-1
-1
-1
-1
-1
-1
-1
-1
-1
-1
-1
-1
-1
-1
-1
-1
-1
-1
-1
-1
-1
-1
-1
-1
-1
-1
-1
-1
-1
6 22 44
2 23 44
4 24 44
1 24 43
1 24 42
0 24 41
2 44 18
2 43 18
3 42 18
1 42 17
1 42 16
1 42 15
1 42 14
0 42 13
-1
-1
-1
-1
-1
-1
-1
2 41 13
2 40 13
2 39 13
2 38 13
2 37 13
3 36 13
1 36 12
0 36 11
-1
-1
-1
-1
2 25 41
4 26 41
1 26 40
1 26 39
1 26 38
0 26 37
-1
-1
-1
-1
-1
-1
-1
-1
-1
-1
3 22 46
2 23 46
2 24 46
0 25 46
5 42 12
3 41 12
1 41 11
1 41 10
1 41 9
0 41 8
2 40 8
3 39 8
1 39 7
1 39 6
1 39 5
0 39 4
6 35 11
1 35 12
1 35 13
3 35 14
2 36 14
5 37 14
0 37 15
2 21 45
2 20 45
2 19 45
2 18 45
2 17 45
2 16 45
2 15 45
2 14 45
2 13 45
2 12 45
2 11 45
3 10 45
1 10 44
0 10 43
5 36 10
2 35 10
3 34 10
0 34 9
2 11 43
4 12 43
1 12 42
1 12 41
1 12 40
1 12 39
0 12 38
2 23 41
2 22 41
2 21 41
3 20 41
1 20 40
0 20 39
2 43 13
2 44 13
2 45 13
2 46 13
0 47 13
2 21 39
4 22 39
1 22 38
1 22 37
0 22 36
4 13 38
1 13 37
1 13 36
1 13 35
1 13 34
1 13 33
1 13 32
1 13 31
1 13 30
1 13 29
1 13 28
1 13 27
1 13 26
1 13 25
0 13 24
2 42 8
2 43 8
5 44 8
1 44 9
0 44 10
6 41 7
2 42 7
4 43 7
0 43 6
5 23 36
1 23 37
0 23 38
6 12 24
1 12 25
1 12 26
4 12 27
2 11 27
2 10 27
2 9 27
2 8 27
2 7 27
2 6 27
2 5 27
0 4 27
2 38 15
2 39 15
2 40 15
5 41 15
1 41 16
1 41 17
1 41 18
3 41 19
2 42 19
5 43 19
1 43 20
1 43 21
1 43 22
1 43 23
1 43 24
1 43 25
1 43 26
1 43 27
1 43 28
1 43 29
0 43 30
3 37 16
2 38 16
2 39 16
5 40 16
1 40 17
1 40 18
3 40 19
0 41 19
2 11 38
2 10 38
2 9 38
2 8 38
2 7 38
2 6 38
3 5 38
1 5 37
0 5 36
5 46 18
1 46 19
0 46 20
2 47 20
5 48 20
1 48 21
1 48 22
1 48 23
1 48 24
1 48 25
1 48 26
1 48 27
1 48 28
1 48 29
0 48 30
2 14 24
4 15 24
1 15 23
1 15 22
1 15 21
1 15 20
1 15 19
1 15 18
1 15 17
0 15 16
2 36 15
2 35 15
2 34 15
0 33 15
1 33 16
1 33 17
1 33 18
1 33 19
4 33 20
2 32 20
2 31 20
2 30 20
0 29 20
6 4 26
2 5 26
2 6 26
2 7 26
0 8 26
2 37 11
5 38 11
0 38 12
5 27 37
1 27 38
1 27 39
1 27 40
1 27 41
1 27 42
4 27 43
2 26 43
0 25 43
4 41 20
2 40 20
0 39 20
6 26 36
2 27 36
2 28 36
5 29 36
1 29 37
1 29 38
0 29 39
4 16 16
1 16 15
1 16 14
1 16 13
1 16 12
1 16 11
1 16 10
1 16 9
0 16 8
2 42 30
2 41 30
3 40 30
1 40 29
0 40 28
2 30 39
2 31 39
2 32 39
2 33 39
2 34 39
2 35 39
5 36 39
1 36 40
1 36 41
0 36 42
2 15 8
2 14 8
2 13 8
3 12 8
1 12 7
1 12 6
1 12 5
1 12 4
1 12 3
0 12 2
6 33 9
4 33 10
2 32 10
2 31 10
0 30 10
1 29 21
1 29 22
4 29 23
2 28 23
2 27 23
2 26 23
2 25 23
2 24 23
2 23 23
2 22 23
2 21 23
2 20 23
2 19 23
2 18 23
0 17 23
1 17 24
1 17 25
1 17 26
1 17 27
1 17 28
0 17 29
3 25 37
1 25 36
1 25 35
1 25 34
0 25 33
1 8 25
1 8 24
1 8 23
1 8 22
0 8 21
1 30 9
1 30 8
1 30 7
1 30 6
1 30 5
0 30 4
2 47 30
3 46 30
1 46 29
1 46 28
0 46 27
5 12 37
3 11 37
1 11 36
1 11 35
1 11 34
1 11 33
1 11 32
1 11 31
0 11 30
2 44 6
4 45 6
1 45 5
1 45 4
0 45 3
4 37 42
1 37 41
1 37 40
1 37 39
5 37 38
3 36 38
1 36 37
1 36 36
0 36 35
2 29 4
2 28 4
2 27 4
2 26 4
2 25 4
2 24 4
3 23 4
0 23 3
3 29 40
5 30 40
1 30 41
1 30 42
0 30 43
2 9 26
2 10 26
4 11 26
0 11 25
2 44 3
3 43 3
1 43 2
0 43 1
2 37 35
2 38 35
2 39 35
2 40 35
5 41 35
0 41 36
2 39 28
2 38 28
3 37 28
1 37 27
1 37 26
0 37 25
6 13 23
4 14 23
0 14 22
2 45 10
2 46 10
4 47 10
1 47 9
1 47 8
0 47 7
1 48 31
4 48 32
2 47 32
0 46 32
6 9 43
1 9 44
1 9 45
4 9 46
2 8 46
2 7 46
2 6 46
2 5 46
2 4 46
2 3 46
2 2 46
0 1 46
1 46 33
1 46 34
0 46 35
6 19 39
1 19 40
1 19 41
1 19 42
4 19 43
2 18 43
0 17 43
5 45 17
2 44 17
3 43 17
0 43 16
2 35 9
2 36 9
4 37 9
0 37 8
6 17 22
4 18 22
1 18 21
1 18 20
0 18 19
2 16 43
2 15 43
3 14 43
1 14 42
0 14 41
1 1 45
1 1 44
0 1 43
2 7 21
2 6 21
2 5 21
2 4 21
2 3 21
3 2 21
1 2 20
0 2 19
6 32 15
1 32 16
0 32 17
3 44 11
2 45 11
0 46 11
5 10 42
2 9 42
6 8 42
1 8 43
0 8 44
3 46 21
5 47 21
1 47 22
0 47 23
2 19 19
5 20 19
0 20 20
2 29 10
2 28 10
2 27 10
2 26 10
2 25 10
0 24 10
1 46 36
1 46 37
0 46 38
2 3 19
2 4 19
2 5 19
4 6 19
1 6 18
1 6 17
1 6 16
1 6 15
1 6 14
0 6 13
3 5 13
1 5 12
1 5 11
1 5 10
1 5 9
0 5 8
2 26 46
5 27 46
0 27 47
3 4 28
2 5 28
5 6 28
0 6 29
4 42 36
1 42 35
5 42 34
3 41 34
0 41 33
2 6 8
2 7 8
0 8 8
2 38 20
3 37 20
1 37 19
0 37 18
1 25 47
4 25 48
2 24 48
0 23 48
1 33 14
1 33 13
0 33 12
5 20 38
2 19 38
2 18 38
0 17 38
6 36 25
1 36 26
1 36 27
1 36 28
4 36 29
0 35 29
2 22 48
2 21 48
2 20 48
3 19 48
1 19 47
0 19 46
5 17 8
1 17 9
1 17 10
1 17 11
1 17 12
0 17 13
2 35 35
2 34 35
3 33 35
0 33 34
2 14 16
2 13 16
0 12 16
4 17 30
2 16 30
0 15 30
6 36 18
1 36 19
1 36 20
4 36 21
0 35 21
1 5 7
1 5 6
1 5 5
1 5 4
0 5 3
2 18 29
4 19 29
1 19 28
0 19 27
3 11 16
1 11 15
0 11 14
2 6 36
2 7 36
2 8 36
4 9 36
0 9 35
6 3 27
1 3 28
1 3 29
1 3 30
0 3 31
1 36 43
4 36 44
2 35 44
0 34 44
3 41 37
2 42 37
5 43 37
0 43 38
1 29 19
1 29 18
1 29 17
0 29 16
6 28 20
4 28 21
0 27 21
-1
-1
-1
-1
-1
-1
-1
-1
-1
-1
-1
-1
-1
-1
-1
-1
-1
-1
-1
-1
-1
-1
-1
-1
-1
-1
-1
-1
-1
-1
-1
-1
-1
-1
-1
-1
-1
-1
-1
-1
-1
-1
-1
-1
-1
-1
-1
-1
-1
-1
-1
-1
-1
-1
-1
-1
-1
-1
-1
-1
-1
-1
-1
-1
-1
-1
-1
-1
-1
-1
-1
-1
-1
-1
-1
-1
-1
-1
-1
-1
-1
-1
-1
-1
-1
-1
-1
-1
-1
-1
-1
-1
-1
-1
-1
-1
-1
-1
-1
-1
-1
-1
-1
-1
-1
