# start_size = 139
# yaki_cnt = 58200
# end_size = 139
# real_sz = 139
0 2 14
1 2 20
1 2 19
1 2 18
1 2 17
1 2 16
1 2 15
5 3 23
3 2 23
1 2 22
3 6 25
5 6 24
2 5 24
2 4 24
1 10 27
5 10 26
3 9 26
5 9 25
2 8 25
1 10 30
1 10 29
1 10 28
2 7 25
3 3 24
5 25 31
2 24 31
2 23 31
2 22 31
2 21 31
2 20 31
2 19 31
2 18 31
2 17 31
2 16 31
2 15 31
2 14 31
2 13 31
2 12 31
2 11 31
3 10 31
1 2 21
2 31 32
2 30 32
2 29 32
2 28 32
2 27 32
2 26 32
3 25 32
0 32 32
1 41 33
5 41 32
2 40 32
2 39 32
2 38 32
2 37 32
2 36 32
2 35 32
2 34 32
2 33 32
1 41 37
1 41 36
1 41 35
2 46 42
2 45 42
2 44 42
2 43 42
3 42 42
1 42 41
1 42 40
1 42 39
5 42 38
3 41 38
1 41 34
-1
-1
-1
0 47 42
2 35 31
2 34 31
2 33 31
6 32 31
2 40 31
2 39 31
2 38 31
2 37 31
2 36 31
-1
-1
-1
-1
-1
-1
-1
-1
-1
-1
0 41 31
1 5 12
4 5 13
2 4 13
6 3 13
4 3 14
2 15 11
2 14 11
2 13 11
2 12 11
2 11 11
2 10 11
2 9 11
2 8 11
2 7 11
2 6 11
6 5 11
0 16 11
-1
-1
-1
-1
-1
-1
-1
0 5 11
4 42 45
6 42 44
4 43 44
6 43 43
2 44 43
2 45 43
2 46 43
4 47 43
0 41 45
3 3 9
2 4 9
5 5 9
1 5 10
-1
0 3 8
-1
-1
-1
-1
0 25 32
1 39 29
3 39 30
2 40 30
5 41 30
2 36 26
5 37 26
1 37 27
3 37 28
2 38 28
5 39 28
0 35 26
6 24 34
4 25 34
1 25 33
1 24 37
1 24 36
1 24 35
1 23 43
6 23 42
4 24 42
1 24 41
1 24 40
1 24 39
1 24 38
0 23 44
2 38 25
2 37 25
2 36 25
6 35 25
1 39 24
4 39 25
0 39 23
1 39 17
1 39 18
1 39 19
1 39 20
1 39 21
1 39 22
0 39 16
4 1 18
1 1 17
1 1 16
1 1 15
6 1 14
0 0 18
1 48 41
4 48 42
0 48 40
3 33 16
2 34 16
2 35 16
2 36 16
2 37 16
2 38 16
0 33 15
5 43 16
2 42 16
2 41 16
2 40 16
0 43 17
4 41 47
1 41 46
0 40 47
1 3 7
0 3 6
1 48 39
0 48 38
0 41 34
0 41 38
2 40 38
0 39 38
2 32 15
0 31 15
4 29 17
1 29 16
6 29 15
2 30 15
0 28 17
3 30 11
5 31 11
1 31 12
1 31 13
1 31 14
0 30 10
5 22 40
1 22 41
1 22 42
1 22 43
3 22 44
0 21 40
3 29 8
5 30 8
1 30 9
0 29 7
6 29 4
1 29 5
1 29 6
0 30 4
2 31 7
2 30 7
0 32 7
0 24 38
2 26 38
2 25 38
0 27 38
2 43 23
2 42 23
2 41 23
2 40 23
0 44 23
2 18 40
2 19 40
2 20 40
0 17 40
6 13 40
2 14 40
2 15 40
2 16 40
0 13 41
6 12 37
1 12 38
1 12 39
1 12 40
3 12 41
0 13 37
2 27 10
2 28 10
2 29 10
0 26 10
5 1 11
1 1 12
3 1 13
5 2 13
0 0 11
1 44 16
4 44 17
0 44 15
2 47 15
2 46 15
2 45 15
0 48 15
1 47 13
3 47 14
5 48 14
0 47 12
2 34 10
2 33 10
2 32 10
2 31 10
0 35 10
6 12 42
4 13 42
0 12 43
1 34 18
5 34 17
2 33 17
3 32 17
5 32 16
3 31 16
0 34 19
4 18 39
6 17 39
0 18 38
6 13 33
1 13 34
1 13 35
1 13 36
0 14 33
4 44 27
1 44 26
1 44 25
1 44 24
0 43 27
6 11 33
4 12 33
6 12 32
2 13 32
5 14 32
0 11 34
0 2 21
0 10 31
3 38 11
5 38 10
2 37 10
2 36 10
0 39 11
2 41 11
2 40 11
0 42 11
1 32 36
1 32 35
1 32 34
1 32 33
0 32 37
2 10 12
2 11 12
2 12 12
2 13 12
2 14 12
2 15 12
4 16 12
0 9 12
1 42 9
1 42 10
0 42 8
2 46 28
2 45 28
2 44 28
3 43 28
0 47 28
2 48 25
6 47 25
1 47 26
1 47 27
0 49 25
1 42 6
1 42 7
0 42 5
1 43 2
4 43 3
6 42 3
1 42 4
0 43 1
4 17 28
1 17 27
1 17 26
1 17 25
1 17 24
1 17 23
1 17 22
1 17 21
1 17 20
1 17 19
1 17 18
1 17 17
1 17 16
1 17 15
1 17 14
1 17 13
1 17 12
5 17 11
0 16 28
2 19 29
2 18 29
2 17 29
3 16 29
0 20 29
2 22 29
2 21 29
0 23 29
1 47 10
1 47 11
0 47 9
4 2 7
6 2 6
0 1 7
1 1 3
1 1 4
1 1 5
1 1 6
0 1 2
1 26 40
6 26 39
4 27 39
0 26 41
1 48 8
4 48 9
0 48 7
0 1 1
3 28 42
5 28 41
2 27 41
0 29 42
0 42 38
1 4 19
1 4 20
4 4 21
2 3 21
0 4 18
2 9 34
2 10 34
0 8 34
3 29 20
1 29 19
5 29 18
3 28 18
0 30 20
1 17 43
1 17 42
1 17 41
0 17 44
2 44 33
6 43 33
4 43 34
2 42 34
0 45 33
1 45 35
1 45 34
0 45 36
3 32 14
5 33 14
0 32 13
1 48 29
5 48 28
0 48 30
0 24 35
1 23 25
1 23 26
1 23 27
1 23 28
0 23 24
0 2 15
3 23 9
5 24 9
3 24 10
2 25 10
0 23 8
4 48 18
1 48 17
1 48 16
0 47 18
4 41 6
6 41 5
0 40 6
5 37 5
3 37 6
2 38 6
2 39 6
0 36 5
1 20 27
1 20 28
0 20 26
2 6 36
2 7 36
4 8 36
1 8 35
0 5 36
5 7 38
3 6 38
5 6 37
3 5 37
0 7 39
4 36 37
2 35 37
2 34 37
2 33 37
0 36 36
0 36 31
0 39 25
2 42 20
4 43 20
1 43 19
1 43 18
0 41 20
2 34 40
3 33 40
1 33 39
5 33 38
3 32 38
0 35 40
2 36 42
3 35 42
1 35 41
0 37 42
2 28 3
2 29 3
5 30 3
0 27 3
2 22 35
2 23 35
0 21 35
2 19 12
3 18 12
1 18 11
5 18 10
2 17 10
6 16 10
0 20 12
1 7 44
1 7 43
1 7 42
1 7 41
1 7 40
0 7 45
0 39 28
4 36 46
6 36 45
4 37 45
1 37 44
1 37 43
0 35 46
2 25 26
3 24 26
1 24 25
5 24 24
0 26 26
4 29 26
2 28 26
2 27 26
0 29 25
3 47 21
1 47 20
1 47 19
0 48 21
0 3 24
0 7 25
4 26 12
1 26 11
0 25 12
1 9 15
1 9 14
1 9 13
0 9 16
2 12 16
2 11 16
2 10 16
0 13 16
4 38 13
6 38 12
4 39 12
0 37 13
1 7 22
1 7 23
1 7 24
0 7 21
3 14 25
5 15 25
1 15 26
1 15 27
3 15 28
0 14 24
1 31 2
1 31 3
4 31 4
0 31 1
6 45 46
1 45 47
4 45 48
2 44 48
2 43 48
2 42 48
2 41 48
3 40 48
0 46 46
5 20 22
1 20 23
1 20 24
1 20 25
0 19 22
5 19 20
1 19 21
0 18 20
5 48 3
1 48 4
1 48 5
1 48 6
0 47 3
2 28 30
3 27 30
5 27 29
2 26 29
2 25 29
2 24 29
0 29 30
4 27 5
1 27 4
0 26 5
1 18 18
1 18 19
0 18 17
4 22 17
2 21 17
2 20 17
2 19 17
0 22 16
2 7 5
2 6 5
2 5 5
2 4 5
6 3 5
0 8 5
4 34 22
1 34 21
1 34 20
0 33 22
2 40 1
2 41 1
2 42 1
0 39 1
4 32 30
2 31 30
2 30 30
0 32 29
6 5 14
4 5 15
2 4 15
2 3 15
0 6 14
0 10 28
2 6 8
2 5 8
2 4 8
0 7 8
2 33 1
2 32 1
0 34 1
2 28 35
2 27 35
2 26 35
2 25 35
0 29 35
1 12 48
1 12 47
1 12 46
1 12 45
1 12 44
0 12 49
2 4 39
2 5 39
2 6 39
0 3 39
1 20 47
1 20 46
1 20 45
5 20 44
2 19 44
2 18 44
0 20 48
5 26 44
2 25 44
2 24 44
0 26 45
1 36 20
5 36 19
2 35 19
0 36 21
6 37 18
1 37 19
1 37 20
4 37 21
0 38 18
2 36 8
6 35 8
1 35 9
0 37 8
2 20 33
5 21 33
1 21 34
0 19 33
5 30 45
2 29 45
2 28 45
2 27 45
0 30 46
1 24 18
1 24 17
5 24 16
2 23 16
0 24 19
-1
-1
-1
-1
-1
-1
-1
-1
-1
-1
-1
-1
-1
-1
-1
-1
-1
-1
-1
-1
-1
-1
-1
-1
-1
-1
-1
-1
-1
-1
-1
-1
-1
-1
-1
-1
-1
-1
-1
-1
-1
-1
-1
-1
-1
-1
-1
-1
-1
-1
-1
-1
-1
-1
-1
-1
-1
-1
-1
-1
-1
-1
-1
-1
-1
-1
-1
-1
-1
-1
-1
-1
-1
-1
-1
-1
-1
-1
-1
-1
-1
-1
-1
-1
-1
-1
-1
-1
-1
-1
-1
-1
-1
-1
-1
-1
-1
-1
-1
