# start_size = 69
# yaki_cnt = 401670
# end_size = 106
# real_sz = 106
0 16 44
2 17 44
2 18 44
2 19 44
2 21 44
2 22 44
2 23 44
2 24 44
2 20 44
2 26 44
2 27 44
2 25 44
2 29 44
2 30 44
2 31 44
2 28 44
0 32 44
2 33 44
-1
4 35 44
-1
-1
1 35 43
-1
-1
1 35 42
-1
-1
1 35 41
-1
-1
2 34 44
-1
-1
1 35 39
-1
-1
1 35 37
-1
6 35 36
-1
-1
4 36 36
-1
-1
1 35 38
-1
-1
1 36 34
-1
-1
1 36 33
-1
-1
1 36 32
-1
-1
1 36 31
-1
-1
1 36 30
-1
-1
1 36 35
-1
-1
1 35 40
-1
-1
1 36 28
-1
-1
1 36 27
-1
-1
1 36 26
-1
-1
1 36 25
-1
-1
1 36 24
-1
-1
1 36 22
-1
-1
1 36 21
-1
1 36 20
-1
-1
1 36 19
-1
-1
1 36 18
-1
-1
1 36 23
-1
-1
1 36 16
-1
-1
1 36 15
-1
-1
1 36 14
-1
-1
6 36 13
-1
-1
1 36 17
-1
-1
1 36 29
-1
-1
4 38 13
-1
-1
1 38 12
-1
-1
1 38 11
-1
-1
6 38 10
-1
-1
4 39 10
-1
-1
6 39 9
-1
-1
2 37 13
-1
-1
-1
-1
-1
-1
-1
-1
-1
-1
-1
-1
-1
-1
-1
-1
-1
-1
-1
-1
-1
-1
-1
-1
-1
-1
-1
-1
-1
-1
-1
-1
-1
-1
-1
-1
-1
-1
-1
-1
-1
-1
-1
-1
-1
-1
-1
-1
-1
-1
-1
-1
-1
-1
-1
-1
-1
-1
-1
-1
-1
-1
-1
-1
-1
-1
-1
-1
-1
-1
-1
-1
-1
-1
-1
-1
-1
-1
-1
-1
-1
-1
-1
-1
-1
-1
-1
-1
-1
-1
-1
-1
-1
-1
-1
-1
-1
-1
-1
-1
-1
-1
-1
-1
-1
-1
-1
-1
-1
-1
-1
-1
-1
-1
-1
-1
-1
-1
-1
-1
-1
-1
-1
-1
-1
-1
-1
-1
-1
-1
-1
-1
-1
-1
-1
-1
-1
-1
-1
-1
-1
-1
-1
-1
-1
-1
0 40 9
4 16 45
2 15 45
2 14 45
2 13 45
-1
-1
-1
-1
-1
-1
-1
-1
-1
-1
-1
-1
-1
-1
-1
-1
-1
-1
-1
-1
-1
-1
-1
-1
-1
-1
-1
-1
-1
-1
0 12 45
5 41 9
3 41 10
2 42 10
2 43 10
1 44 11
1 44 12
5 44 10
-1
-1
-1
-1
-1
-1
-1
-1
-1
0 44 13
-1
-1
-1
-1
-1
-1
-1
-1
0 37 13
1 11 46
4 11 47
2 10 47
2 9 47
2 8 47
6 11 45
-1
-1
0 7 47
5 40 8
3 39 8
1 39 7
1 39 6
1 39 5
1 39 4
1 39 3
0 39 2
3 12 46
2 13 46
2 14 46
2 15 46
2 16 46
2 17 46
2 18 46
0 19 46
4 44 14
6 43 14
4 43 15
6 41 15
1 41 16
1 41 17
1 41 18
1 41 20
1 41 21
1 41 22
1 41 19
2 42 15
0 41 23
5 37 12
2 36 12
3 35 12
1 35 11
1 35 10
5 35 9
2 33 9
2 32 9
2 31 9
2 30 9
2 34 9
0 29 9
5 29 8
3 28 8
5 28 7
2 27 7
2 26 7
2 25 7
2 24 7
2 23 7
2 22 7
2 21 7
2 20 7
1 19 6
1 19 5
3 19 7
0 19 4
2 18 4
1 17 5
1 17 6
4 17 7
2 15 7
2 14 7
2 16 7
6 17 4
2 12 7
2 11 7
2 13 7
0 10 7
0 36 29
0 35 40
0 36 35
0 34 9
0 28 44
4 19 47
6 18 47
0 18 48
0 42 15
2 17 48
2 16 48
0 15 48
0 44 10
0 11 45
0 32 45
0 13 7
0 16 43
2 15 43
3 14 43
1 14 42
0 14 41
0 35 38
0 7 48
0 34 8
2 9 7
2 8 7
2 7 7
0 6 7
0 25 44
1 6 8
0 6 9
1 6 10
1 6 11
0 6 12
2 14 48
2 13 48
0 12 48
1 6 6
0 6 5
1 6 4
0 6 3
6 40 23
1 40 24
0 40 25
5 36 40
3 36 41
2 37 41
2 38 41
0 39 41
0 17 4
1 25 45
1 25 46
0 25 47
3 32 46
5 33 46
0 33 47
0 16 7
1 16 8
0 16 9
0 40 41
5 45 13
3 45 14
2 46 14
2 47 14
2 48 14
0 49 14
0 20 44
2 34 47
0 35 47
3 35 48
2 36 48
2 37 48
2 38 48
0 39 48
0 5 5
2 4 5
2 3 5
2 2 5
0 1 5
1 20 43
1 20 42
1 20 41
0 20 40
0 41 19
0 13 8
3 19 40
1 19 39
1 19 38
0 19 37
1 28 43
1 28 42
0 28 41
2 5 12
0 4 12
2 3 12
0 2 12
1 4 13
1 4 14
1 4 15
0 4 16
1 4 17
1 4 18
0 4 19
1 19 36
1 19 35
1 19 34
1 19 33
0 19 32
2 20 32
2 21 32
4 22 32
1 22 31
0 22 30
0 36 17
1 22 29
5 22 28
0 21 28
3 35 17
5 35 16
0 34 16
2 38 2
2 37 2
2 36 2
0 35 2
5 35 1
0 34 1
1 16 10
1 16 11
1 16 12
1 16 13
1 16 14
0 16 15
6 15 15
4 15 16
2 14 16
0 13 16
0 34 44
2 40 48
2 41 48
0 42 48
2 7 3
2 8 3
0 9 3
2 6 47
0 5 47
2 35 35
2 34 35
2 33 35
0 32 35
0 19 7
0 36 23
2 35 23
2 34 23
0 33 23
2 32 23
2 31 23
2 30 23
3 29 23
0 29 22
1 4 20
1 4 21
0 4 22
1 13 17
1 13 18
1 13 19
1 13 20
0 13 21
2 14 21
0 15 21
1 15 22
1 15 23
1 15 24
0 15 25
2 5 19
2 6 19
0 7 19
1 1 4
1 1 3
1 1 2
1 1 1
0 1 0
1 29 21
1 29 20
1 29 19
1 29 18
0 29 17
5 37 29
0 37 30
3 28 17
1 28 16
1 28 15
0 28 14
2 27 14
2 26 14
2 25 14
0 24 14
2 42 23
2 43 23
2 44 23
2 45 23
0 46 23
4 16 21
6 16 20
0 17 20
1 13 15
5 13 14
0 12 14
2 40 2
2 41 2
2 42 2
0 43 2
1 7 46
1 7 45
1 7 44
1 7 43
0 7 42
1 4 23
1 4 24
1 4 25
1 4 26
0 4 27
1 4 28
3 4 29
0 5 29
2 14 25
2 13 25
0 12 25
2 20 37
2 21 37
2 22 37
4 23 37
0 23 36
2 24 36
2 25 36
2 26 36
0 27 36
1 40 40
1 40 39
6 40 38
0 41 38
2 18 20
0 19 20
3 31 35
1 31 34
1 31 33
1 31 32
0 31 31
4 15 26
6 14 26
0 14 27
1 5 30
1 5 31
1 5 32
1 5 33
0 5 34
1 43 3
3 43 4
5 44 4
3 44 5
2 45 5
2 46 5
0 47 5
3 40 26
5 41 26
1 41 27
3 41 28
2 42 28
0 43 28
6 21 27
4 22 27
1 22 26
0 22 25
-1
-1
-1
-1
-1
-1
-1
-1
-1
-1
-1
-1
-1
-1
-1
-1
-1
-1
-1
-1
-1
-1
-1
-1
-1
-1
-1
-1
-1
-1
-1
-1
-1
-1
-1
-1
-1
-1
-1
-1
-1
-1
-1
-1
-1
-1
-1
-1
-1
-1
-1
-1
-1
-1
-1
-1
-1
-1
-1
-1
-1
-1
-1
-1
-1
-1
-1
-1
-1
-1
-1
-1
-1
-1
-1
-1
-1
-1
-1
-1
-1
-1
-1
-1
-1
-1
-1
-1
-1
-1
-1
-1
-1
-1
-1
-1
-1
-1
-1
-1
-1
-1
-1
-1
-1
