# money = 156425
# income = 1178
1 37 6
1 37 7
1 37 8
1 37 9
1 37 10
1 37 11
1 37 12
1 37 13
1 37 14
1 37 15
1 37 16
1 37 17
1 37 18
1 37 19
1 37 20
1 37 21
1 37 22
1 37 23
1 37 24
1 37 25
1 37 26
1 37 27
1 37 28
1 37 29
1 37 30
1 37 31
1 37 32
1 37 33
1 37 34
1 37 35
1 37 36
1 37 37
1 37 38
1 37 39
1 37 40
1 37 41
1 37 42
1 37 43
1 37 44
1 37 45
1 37 46
1 37 47
1 37 48
4 37 49
2 36 49
2 35 49
2 34 49
2 33 49
2 32 49
2 31 49
2 30 49
2 29 49
2 28 49
2 27 49
2 26 49
2 25 49
2 24 49
2 23 49
2 22 49
2 21 49
2 20 49
2 19 49
2 18 49
2 17 49
2 16 49
2 15 49
2 14 49
2 13 49
2 12 49
2 11 49
2 10 49
2 9 49
2 8 49
2 7 49
2 6 49
2 5 49
2 4 49
2 3 49
0 2 49
0 37 5
-1
-1
-1
-1
-1
-1
-1
-1
-1
-1
-1
-1
-1
-1
-1
-1
-1
-1
-1
-1
-1
-1
-1
-1
-1
-1
-1
-1
-1
-1
-1
-1
-1
-1
-1
-1
-1
-1
-1
-1
-1
-1
-1
-1
-1
-1
-1
-1
-1
-1
-1
-1
-1
-1
-1
-1
-1
-1
-1
-1
-1
-1
-1
-1
-1
-1
-1
-1
-1
-1
-1
-1
-1
-1
-1
-1
-1
-1
-1
-1
-1
-1
-1
-1
-1
-1
-1
-1
-1
-1
-1
-1
-1
-1
-1
-1
-1
-1
-1
-1
-1
-1
-1
-1
-1
-1
-1
-1
-1
-1
-1
-1
-1
-1
-1
-1
-1
-1
-1
-1
-1
-1
-1
-1
-1
-1
-1
-1
-1
-1
-1
-1
-1
-1
-1
-1
-1
-1
-1
-1
-1
-1
-1
-1
-1
-1
-1
-1
-1
-1
-1
-1
-1
-1
-1
-1
-1
-1
-1
-1
-1
-1
-1
-1
-1
-1
-1
-1
-1
-1
-1
-1
-1
-1
-1
-1
-1
-1
-1
-1
-1
-1
-1
-1
-1
-1
6 2 48
2 3 48
2 4 48
2 5 48
2 6 48
2 7 48
2 8 48
2 9 48
2 10 48
2 11 48
2 12 48
2 13 48
2 14 48
2 15 48
2 16 48
2 17 48
2 18 48
2 19 48
2 20 48
2 21 48
2 22 48
2 23 48
2 24 48
4 25 48
1 25 47
1 25 46
1 25 45
1 25 44
1 25 43
1 25 42
1 25 41
1 25 40
1 25 39
0 25 38
2 38 5
2 39 5
2 40 5
2 41 5
2 42 5
2 43 5
2 44 5
4 45 5
1 45 4
1 45 3
1 45 2
1 45 1
0 45 0
-1
-1
-1
-1
-1
-1
-1
-1
-1
2 26 38
2 27 38
4 28 38
1 28 37
1 28 36
0 28 35
-1
-1
-1
-1
-1
-1
-1
-1
-1
-1
-1
-1
-1
-1
-1
-1
-1
-1
-1
-1
-1
-1
-1
-1
-1
-1
-1
-1
-1
-1
-1
-1
-1
-1
-1
-1
-1
-1
-1
-1
-1
-1
-1
-1
-1
-1
-1
-1
-1
-1
-1
-1
-1
-1
2 24 38
3 23 38
0 23 37
2 29 35
2 30 35
4 31 35
1 31 34
1 31 33
1 31 32
1 31 31
1 31 30
1 31 29
1 31 28
1 31 27
1 31 26
1 31 25
1 31 24
1 31 23
0 31 22
-1
-1
-1
-1
-1
-1
-1
-1
-1
-1
-1
-1
-1
-1
-1
-1
-1
-1
-1
-1
-1
-1
-1
-1
-1
-1
-1
-1
-1
-1
-1
-1
-1
-1
-1
-1
-1
2 30 22
2 29 22
2 28 22
2 27 22
2 26 22
2 25 22
3 24 22
0 24 21
5 46 0
1 46 1
1 46 2
1 46 3
1 46 4
1 46 5
1 46 6
1 46 7
1 46 8
1 46 9
4 46 10
0 45 10
-1
-1
1 45 11
1 45 12
4 45 13
2 44 13
2 43 13
2 42 13
2 41 13
0 40 13
-1
-1
-1
-1
-1
-1
-1
-1
2 22 37
2 21 37
3 20 37
1 20 36
1 20 35
0 20 34
-1
-1
-1
-1
-1
-1
6 19 34
4 19 35
0 18 35
-1
-1
-1
-1
-1
-1
-1
-1
-1
-1
-1
-1
-1
-1
-1
-1
-1
-1
-1
-1
-1
-1
-1
3 18 36
5 19 36
1 19 37
3 19 38
2 20 38
2 21 38
5 22 38
3 22 39
2 23 39
5 24 39
1 24 40
0 24 41
3 40 14
2 41 14
2 42 14
2 43 14
2 44 14
2 45 14
2 46 14
2 47 14
2 48 14
4 49 14
0 49 13
6 37 4
4 38 4
0 38 3
3 39 13
1 39 12
1 39 11
0 39 10
-1
-1
2 17 35
2 16 35
2 15 35
2 14 35
2 13 35
2 12 35
3 11 35
1 11 34
1 11 33
1 11 32
1 11 31
0 11 30
2 12 30
5 13 30
1 13 31
0 13 32
-1
-1
-1
-1
1 11 29
1 11 28
1 11 27
1 11 26
1 11 25
1 11 24
1 11 23
1 11 22
1 11 21
1 11 20
1 11 19
1 11 18
1 11 17
1 11 16
1 11 15
1 11 14
1 11 13
1 11 12
1 11 11
1 11 10
1 11 9
1 11 8
0 11 7
2 21 34
2 22 34
4 23 34
1 23 33
1 23 32
1 23 31
0 23 30
6 23 21
1 23 22
3 23 23
2 24 23
2 25 23
2 26 23
2 27 23
5 28 23
0 28 24
6 28 34
4 29 34
0 29 33
2 10 30
2 9 30
3 8 30
1 8 29
1 8 28
1 8 27
1 8 26
1 8 25
0 8 24
5 20 33
3 19 33
0 19 32
1 39 9
1 39 8
1 39 7
0 39 6
2 32 22
4 33 22
1 33 21
0 33 20
6 38 10
1 38 11
1 38 12
1 38 13
3 38 14
5 39 14
3 39 15
2 40 15
5 41 15
1 41 16
1 41 17
1 41 18
1 41 19
1 41 20
1 41 21
0 41 22
5 42 22
1 42 23
1 42 24
1 42 25
1 42 26
1 42 27
1 42 28
0 42 29
1 42 30
1 42 31
1 42 32
1 42 33
1 42 34
1 42 35
1 42 36
1 42 37
1 42 38
1 42 39
1 42 40
4 42 41
2 41 41
2 40 41
0 39 41
6 7 24
1 7 25
1 7 26
1 7 27
1 7 28
1 7 29
1 7 30
1 7 31
4 7 32
2 6 32
2 5 32
2 4 32
2 3 32
2 2 32
2 1 32
0 0 32
4 34 20
1 34 19
1 34 18
1 34 17
0 34 16
2 43 29
2 44 29
2 45 29
4 46 29
0 46 28
3 45 28
1 45 27
1 45 26
1 45 25
1 45 24
1 45 23
0 45 22
-1
-1
-1
-1
-1
-1
-1
-1
-1
-1
-1
-1
-1
-1
-1
-1
-1
-1
-1
-1
-1
-1
-1
-1
-1
-1
-1
-1
-1
-1
-1
-1
-1
-1
-1
-1
-1
-1
-1
-1
-1
-1
-1
-1
-1
-1
-1
-1
-1
-1
-1
-1
-1
-1
-1
-1
-1
-1
-1
-1
-1
-1
-1
-1
-1
-1
-1
-1
-1
-1
-1
-1
-1
-1
-1
-1
-1
-1
-1
-1
-1
-1
-1
-1
-1
-1
-1
-1
-1
-1
-1
-1
-1
-1
-1
-1
-1
-1
-1
-1
