# yaki_cnt = 37680
# Score = 1698448
0 12 20
3 12 21
5 13 21
1 13 22
3 13 23
2 15 23
2 16 23
2 17 23
2 18 23
1 19 24
1 19 25
1 19 26
1 19 27
1 19 28
5 19 23
2 14 23
3 19 30
2 20 30
2 21 30
2 22 30
2 23 30
2 24 30
2 25 30
5 27 30
3 27 31
2 28 31
2 29 31
2 30 31
5 31 31
3 31 32
2 26 30
1 19 29
0 32 32
5 33 32
3 33 33
5 34 33
1 34 34
1 34 35
1 34 36
1 34 37
3 34 38
5 35 38
3 35 39
1 36 40
3 36 41
5 37 41
1 37 42
1 37 43
1 37 44
1 37 45
1 37 46
1 37 47
1 37 48
3 37 49
5 36 39
-1
-1
-1
-1
-1
-1
-1
-1
-1
-1
-1
-1
-1
-1
-1
-1
-1
-1
-1
0 38 49
2 11 20
1 10 21
1 10 22
1 10 23
6 10 20
1 10 25
1 10 26
4 10 27
2 9 27
6 8 27
4 8 28
1 10 24
-1
-1
-1
-1
-1
-1
-1
-1
-1
-1
-1
-1
-1
-1
-1
-1
-1
-1
-1
-1
-1
-1
-1
-1
-1
-1
-1
0 7 28
4 32 33
2 31 33
2 30 33
2 29 33
2 28 33
2 27 33
2 26 33
2 25 33
2 24 33
2 23 33
2 21 33
2 22 33
-1
-1
-1
-1
-1
-1
-1
-1
-1
-1
-1
-1
-1
-1
-1
-1
0 20 33
6 32 31
4 33 31
1 33 30
1 33 29
2 34 28
1 35 27
1 35 26
1 35 25
1 35 24
1 35 23
4 35 28
6 33 28
-1
-1
-1
-1
-1
-1
-1
-1
-1
-1
-1
-1
0 35 22
1 12 19
1 12 18
1 12 17
5 12 16
2 11 16
2 9 16
2 8 16
2 7 16
2 10 16
-1
-1
-1
-1
-1
-1
-1
-1
-1
0 6 16
-1
-1
-1
-1
-1
-1
-1
-1
-1
-1
-1
-1
-1
0 36 39
4 37 39
6 37 38
2 38 38
4 39 38
-1
-1
-1
-1
-1
-1
-1
0 39 37
4 13 20
1 13 19
1 13 18
6 13 17
1 14 16
1 14 15
1 14 14
1 14 13
1 14 12
1 14 11
1 14 10
1 14 8
6 14 7
2 15 7
1 14 9
2 17 7
2 18 7
2 19 7
2 16 7
4 14 17
0 20 7
2 37 22
2 38 22
5 39 22
2 36 22
0 39 23
-1
-1
-1
-1
-1
-1
0 14 17
1 6 17
1 6 18
1 6 19
1 6 20
1 6 21
2 5 22
2 4 22
2 3 22
2 2 22
4 6 22
0 1 22
6 20 6
2 21 6
2 22 6
2 23 6
2 24 6
6 25 5
4 26 5
6 26 4
4 27 4
4 25 6
0 27 3
0 10 24
3 20 34
2 21 34
5 22 34
1 22 35
1 22 36
1 22 37
1 22 38
1 22 39
1 22 40
1 22 41
1 22 42
1 22 43
0 22 44
0 10 16
5 40 37
1 40 38
1 40 39
1 40 40
0 40 41
2 26 3
2 25 3
2 24 3
3 23 3
0 23 2
-1
-1
0 33 28
5 35 21
2 34 21
2 33 21
2 32 21
0 31 21
6 27 2
2 28 2
2 29 2
2 30 2
2 31 2
2 32 2
0 33 2
0 14 23
2 21 44
2 20 44
2 19 44
0 18 44
-1
-1
0 25 6
1 25 7
1 25 8
1 25 9
0 25 10
-1
-1
0 19 29
5 18 43
2 17 43
3 16 43
5 16 42
0 15 42
0 22 33
3 39 24
2 40 24
0 41 24
5 20 32
2 19 32
0 18 32
1 41 25
1 41 26
1 41 27
1 41 28
0 41 29
0 36 22
1 36 21
1 36 20
1 36 19
0 36 18
0 16 7
2 37 18
2 38 18
0 39 18
1 16 6
0 16 5
3 5 16
1 5 15
0 5 14
2 4 14
2 3 14
0 2 14
0 26 30
2 6 14
4 7 14
0 7 13
1 36 17
5 36 16
0 35 16
0 35 28
3 34 16
5 34 15
3 33 15
5 33 14
0 32 14
0 20 29
0 6 22
0 10 20
5 42 24
3 42 25
2 43 25
2 44 25
0 45 25
6 22 2
1 22 3
0 22 4
2 32 28
3 31 28
5 31 27
3 30 27
0 30 26
0 34 36
1 39 17
1 39 16
1 39 15
1 39 14
1 39 13
0 39 12
1 15 41
0 15 40
2 31 14
2 30 14
2 29 14
2 28 14
0 27 14
5 11 24
1 11 25
0 11 26
5 40 12
1 40 13
3 40 14
2 41 14
0 42 14
4 46 25
6 46 24
0 47 24
1 18 33
1 18 34
0 18 35
2 17 35
0 16 35
6 6 28
4 6 29
2 5 29
0 4 29
1 4 30
1 4 31
1 4 32
0 4 33
5 5 33
3 5 34
5 6 34
1 6 35
0 6 36
1 27 15
1 27 16
1 27 17
0 27 18
0 22 42
2 23 42
2 24 42
2 25 42
2 26 42
0 27 42
2 28 42
5 29 42
0 29 43
0 42 15
0 19 23
1 47 23
1 47 22
1 47 21
6 47 20
4 48 20
0 48 19
2 35 36
2 36 36
4 37 36
1 37 35
0 37 34
0 14 9
2 13 9
2 12 9
0 11 9
5 23 1
2 22 1
2 21 1
0 20 1
0 20 0
1 32 13
1 32 12
0 32 11
2 26 18
3 25 18
5 25 17
0 24 17
1 24 18
4 24 19
0 23 19
3 23 20
2 24 20
5 25 20
1 25 21
0 25 22
4 33 3
6 32 3
0 32 4
3 29 44
5 30 44
3 30 45
2 31 45
2 32 45
2 33 45
0 34 45
1 11 27
1 11 28
1 11 29
1 11 30
3 11 31
0 12 31
4 15 17
1 15 16
6 15 15
2 16 15
4 17 15
0 17 14
2 33 36
2 32 36
2 31 36
2 30 36
3 29 36
5 29 35
0 28 35
0 42 29
1 42 30
3 42 31
2 43 31
2 44 31
2 45 31
2 46 31
2 47 31
0 48 31
3 10 9
1 10 8
1 10 7
1 10 6
1 10 5
0 10 4
2 34 2
2 35 2
2 36 2
2 37 2
2 38 2
2 39 2
2 40 2
2 41 2
2 42 2
2 43 2
2 44 2
2 45 2
2 46 2
0 47 2
2 5 36
6 4 36
4 4 37
6 3 37
1 3 38
1 3 39
1 3 40
1 3 41
1 3 42
1 3 43
1 3 44
1 3 45
1 3 46
1 3 47
0 3 48
-1
-1
-1
-1
-1
-1
-1
-1
-1
-1
-1
-1
-1
-1
-1
-1
-1
-1
-1
-1
-1
-1
-1
-1
-1
-1
-1
-1
-1
-1
-1
-1
-1
-1
-1
-1
-1
-1
-1
-1
-1
-1
-1
-1
-1
-1
-1
-1
-1
-1
-1
-1
-1
-1
-1
-1
-1
-1
-1
-1
-1
-1
-1
-1
-1
-1
-1
-1
-1
-1
-1
-1
-1
-1
-1
-1
-1
-1
-1
-1
-1
-1
-1
-1
-1
-1
-1
-1
-1
-1
-1
-1
-1
-1
-1
-1
-1
-1
-1
-1
-1
-1
-1
-1
-1
-1
-1
-1
-1
-1
-1
-1
-1
-1
-1
-1
-1
-1
-1
-1
-1
-1
-1
-1
-1
-1
-1
-1
-1
-1
-1
-1
-1
-1
-1
-1
-1
-1
-1
-1
-1
-1
-1
-1
-1
-1
-1
-1
-1
-1
-1
-1
-1
-1
-1
-1
-1
-1
-1
-1
-1
-1
-1
-1
-1
-1
-1
-1
-1
-1
-1
-1
-1
-1
-1
-1
-1
-1
-1
-1
-1
-1
-1
-1
-1
-1
-1
-1
-1
-1
-1
-1
-1
-1
-1
-1
-1
-1
-1
-1
-1
-1
-1
-1
-1
-1
-1
-1
-1
-1
-1
-1
-1
-1
-1
-1
-1
-1
-1
-1
-1
-1
-1
-1
-1
-1
-1
-1
-1
-1
-1
-1
-1
-1
-1
-1
-1
-1
-1
-1
-1
-1
-1
-1
-1
-1
-1
