# start_size = 134
# yaki_cnt = 66480
# end_size = 206
# real_sz = 206
0 42 41
1 42 40
1 42 39
1 42 38
1 42 37
4 43 36
1 43 35
1 43 34
1 43 33
2 44 32
6 43 32
6 42 36
1 45 31
1 45 30
1 45 28
1 45 27
1 45 26
1 45 24
1 45 23
1 45 22
1 45 25
1 45 29
1 45 20
1 45 19
1 45 18
1 45 17
1 45 21
1 45 15
1 45 14
1 45 13
1 45 16
4 45 32
0 45 12
2 44 12
2 43 12
5 42 11
2 41 11
3 40 11
2 39 10
2 38 10
2 37 10
2 36 10
2 34 10
2 33 10
2 32 10
2 31 10
2 29 10
2 27 10
2 26 10
2 25 10
2 28 10
2 30 10
2 35 10
5 40 10
1 24 9
5 24 7
3 23 7
5 23 6
1 24 8
3 24 10
3 42 12
0 22 6
-1
-1
0 45 32
2 21 6
2 20 6
-1
-1
-1
-1
-1
0 19 6
2 18 6
2 16 6
2 15 6
2 17 6
-1
0 14 6
2 43 41
2 44 41
2 45 41
1 46 43
1 46 42
5 47 44
3 47 45
3 46 44
5 46 41
0 48 45
0 13 6
-1
0 42 36
-1
-1
0 42 12
-1
-1
0 46 41
1 22 5
1 22 4
1 22 3
1 22 2
0 22 1
1 13 7
4 13 8
2 12 8
2 11 8
0 10 8
0 24 10
1 10 9
1 10 10
0 10 11
0 40 10
0 43 32
0 24 8
0 46 12
0 45 16
1 19 5
0 19 4
0 45 21
2 42 32
0 41 32
0 45 41
2 41 36
2 40 36
0 39 36
2 41 41
6 40 41
0 40 42
1 40 43
0 40 44
1 10 12
1 10 13
4 10 14
0 9 14
0 35 10
2 23 1
2 24 1
0 25 1
1 25 2
0 25 3
1 41 31
5 41 30
0 40 30
1 40 29
0 40 28
1 46 13
0 46 14
2 39 42
2 38 42
0 37 42
1 45 40
1 45 39
0 45 38
2 23 10
6 22 10
0 22 11
2 39 30
2 38 30
0 37 30
0 45 29
2 21 11
0 20 11
2 36 30
0 35 30
0 19 11
1 39 37
0 39 38
1 9 15
0 9 16
3 45 33
0 46 33
0 17 6
0 45 25
4 41 10
1 41 9
0 41 8
0 46 34
1 35 9
0 35 8
1 48 46
1 48 47
4 48 48
0 47 48
2 42 8
2 43 8
0 44 8
0 34 30
0 44 9
1 9 17
1 9 18
0 9 19
6 33 30
4 33 31
2 32 31
2 31 31
0 30 31
0 46 44
2 8 19
6 7 19
0 7 20
1 44 7
1 44 6
0 44 5
3 29 31
1 29 30
0 29 29
2 28 29
2 27 29
0 26 29
1 7 21
0 7 22
2 41 44
2 42 44
5 43 44
0 43 45
1 43 46
0 43 47
1 7 23
0 7 24
1 43 48
0 43 49
1 7 25
0 7 26
2 45 9
2 46 9
0 47 9
0 35 7
2 44 16
0 43 16
6 6 26
0 6 27
2 38 36
2 37 36
0 36 36
2 10 16
2 11 16
4 12 16
1 12 15
0 12 14
0 5 27
1 29 28
0 29 27
2 42 16
0 41 16
1 25 4
3 25 5
2 26 5
2 27 5
0 28 5
1 6 28
1 6 29
1 6 30
0 6 31
1 13 5
1 13 4
0 13 3
2 29 5
0 30 5
1 19 3
0 19 2
0 18 2
2 35 36
2 34 36
0 33 36
2 25 29
2 24 29
2 23 29
0 22 29
6 35 6
0 36 6
0 33 35
1 33 37
1 33 38
1 33 39
0 33 40
2 46 38
2 47 38
0 48 38
3 31 40
5 31 39
2 32 40
0 30 39
5 41 15
2 40 15
0 39 15
0 38 15
0 25 8
0 30 10
1 29 26
1 29 25
0 29 24
1 30 4
0 30 3
2 46 16
0 47 16
1 44 4
0 44 3
1 30 40
1 30 41
1 30 42
0 30 43
1 30 44
1 30 45
0 30 46
0 7 31
1 44 2
0 44 1
2 31 46
0 32 46
2 29 43
0 28 43
0 33 46
1 22 30
1 22 31
0 22 32
2 29 46
2 28 46
2 27 46
2 26 46
6 25 46
0 25 47
2 47 12
2 48 12
0 49 12
0 24 47
2 36 15
2 37 15
0 35 15
0 22 28
2 18 11
0 17 11
6 36 5
4 37 5
0 37 4
2 32 35
0 31 35
0 39 39
0 17 2
2 12 3
0 11 3
2 44 25
2 43 25
0 42 25
1 29 23
0 29 22
2 45 1
2 46 1
2 47 1
0 48 1
0 34 29
2 21 28
2 20 28
2 19 28
0 18 28
1 22 12
0 22 13
2 41 25
2 40 25
0 39 25
0 20 2
2 29 39
2 28 39
2 27 39
2 26 39
0 25 39
2 30 22
4 31 22
0 31 21
1 31 20
1 31 19
0 31 18
2 42 49
2 41 49
2 40 49
0 39 49
0 25 40
2 24 40
2 23 40
2 22 40
2 21 40
0 20 40
1 25 38
1 25 37
0 25 36
2 32 21
2 33 21
0 34 21
2 10 3
3 9 3
2 8 2
5 9 2
0 7 2
2 19 40
2 18 40
0 17 40
2 30 35
0 29 35
2 6 2
2 5 2
2 4 2
0 3 2
0 17 41
2 43 3
2 42 3
0 41 3
0 40 11
0 3 3
2 28 22
2 27 22
0 26 22
0 16 11
3 5 31
5 5 30
2 4 30
0 3 30
4 39 26
2 38 26
0 37 26
4 22 7
0 21 7
1 22 27
1 22 26
0 22 25
0 32 47
1 16 12
1 16 13
1 16 14
0 16 15
0 43 46
1 26 21
1 26 20
1 26 19
0 26 18
2 25 18
2 24 18
0 23 18
2 16 40
0 15 40
1 18 29
1 18 30
4 18 31
0 17 31
1 17 32
1 17 33
0 17 34
0 30 27
1 37 3
1 37 2
0 37 1
0 36 37
2 46 21
0 47 21
2 16 34
2 15 34
2 14 34
0 13 34
2 8 24
2 9 24
2 10 24
0 11 24
2 34 15
0 33 15
4 48 9
1 48 8
1 48 7
0 48 6
0 34 7
0 45 39
2 36 1
2 35 1
0 34 1
2 12 24
2 13 24
0 14 24
0 46 42
2 47 33
0 48 33
2 15 24
2 16 24
0 17 24
1 47 20
0 47 19
5 10 19
3 10 20
2 11 20
0 12 20
2 23 13
2 24 13
2 25 13
0 26 13
1 39 35
1 39 34
0 39 33
2 27 13
5 28 13
3 28 14
0 29 14
2 14 40
2 13 40
2 12 40
2 11 40
2 10 40
2 9 40
0 8 40
1 13 33
1 13 32
1 13 31
0 13 30
5 8 39
2 7 39
0 6 39
1 26 30
1 26 31
0 26 32
4 13 35
6 12 35
4 12 36
0 11 36
2 8 14
2 7 14
2 6 14
0 5 14
2 22 18
2 21 18
0 20 18
0 32 40
3 41 17
5 42 17
1 42 18
0 42 19
0 37 15
1 34 22
0 34 23
2 35 21
4 36 21
6 36 20
2 37 20
0 38 20
0 48 48
0 45 26
1 5 15
1 5 16
0 5 17
2 4 27
3 3 27
0 3 26
2 34 46
2 35 46
0 36 46
6 4 14
4 4 15
2 3 15
2 2 15
0 1 15
1 20 19
1 20 20
0 20 21
3 20 41
5 21 41
3 21 42
0 22 42
2 24 36
2 23 36
2 22 36
0 21 36
0 9 2
1 1 14
1 1 13
1 1 12
0 1 11
0 28 10
5 46 26
3 46 27
2 47 27
2 48 27
0 49 27
1 8 41
3 8 42
5 9 42
1 9 43
0 9 44
6 23 47
4 23 48
2 22 48
0 21 48
1 11 25
1 11 26
0 11 27
6 5 39
4 5 40
6 4 40
4 4 41
0 3 41
5 3 25
3 2 25
0 2 24
3 40 3
0 40 2
2 20 48
2 19 48
2 18 48
2 17 48
2 16 48
6 15 48
0 15 49
-1
-1
-1
-1
-1
-1
-1
-1
-1
-1
-1
-1
-1
-1
-1
-1
-1
-1
-1
-1
-1
-1
-1
-1
-1
-1
-1
-1
-1
-1
-1
-1
-1
-1
-1
-1
-1
-1
-1
-1
-1
-1
-1
-1
-1
-1
-1
-1
-1
-1
-1
-1
-1
-1
-1
-1
-1
-1
-1
-1
-1
-1
-1
-1
-1
-1
-1
-1
-1
-1
-1
-1
-1
-1
-1
-1
-1
-1
-1
-1
-1
-1
-1
-1
-1
-1
-1
-1
-1
-1
-1
-1
-1
-1
-1
-1
-1
-1
-1
-1
-1
-1
-1
-1
-1
-1
-1
-1
-1
-1
-1
-1
-1
-1
-1
-1
-1
-1
-1
-1
-1
-1
-1
-1
-1
-1
-1
-1
-1
-1
-1
-1
-1
-1
-1
-1
-1
-1
-1
-1
-1
-1
-1
-1
-1
-1
-1
-1
-1
-1
-1
-1
-1
-1
-1
-1
-1
-1
-1
-1
-1
-1
-1
-1
-1
-1
-1
-1
-1
-1
-1
-1
-1
-1
-1
-1
-1
-1
-1
-1
-1
-1
-1
-1
-1
-1
-1
-1
-1
-1
-1
-1
-1
-1
