# yaki_cnt = 23650
# Score = 2612932
0 32 45
1 32 44
1 32 43
1 32 42
1 32 41
1 32 40
1 32 38
1 32 37
1 32 35
1 32 34
1 32 33
1 32 32
6 32 31
1 32 36
1 32 39
4 34 31
1 34 30
1 34 29
1 34 28
1 34 27
1 34 26
1 34 24
1 34 23
1 34 22
1 34 21
1 34 20
1 34 19
1 34 18
1 34 25
1 34 16
1 34 15
1 34 14
1 34 17
1 34 12
1 34 11
1 34 10
1 34 9
1 34 13
2 33 31
4 35 8
1 35 7
1 35 6
1 35 5
1 35 4
6 34 8
0 35 3
2 31 45
2 30 45
2 29 45
5 28 44
2 27 44
2 26 44
2 25 44
2 24 44
3 28 45
-1
2 22 44
2 21 44
2 23 44
2 19 44
2 18 44
2 20 44
2 16 44
2 15 44
2 13 44
2 12 44
2 14 44
5 10 43
3 9 43
1 9 42
1 9 41
-1
1 9 40
1 9 39
3 10 44
3 8 38
1 8 37
1 8 36
1 8 35
5 9 38
2 11 44
5 8 33
3 7 33
5 7 32
3 6 32
1 8 34
2 17 44
-1
-1
-1
-1
-1
-1
-1
-1
-1
-1
-1
-1
-1
-1
-1
-1
-1
-1
-1
-1
-1
-1
-1
-1
-1
-1
-1
-1
-1
-1
-1
-1
-1
-1
-1
-1
-1
-1
-1
-1
-1
-1
-1
-1
-1
-1
-1
-1
-1
-1
-1
-1
-1
0 6 31
5 35 2
2 34 2
2 33 2
2 32 2
2 31 2
2 30 2
2 29 2
2 28 2
2 27 2
2 25 2
2 24 2
2 23 2
2 21 2
2 20 2
2 19 2
3 18 2
2 22 2
2 26 2
-1
-1
-1
-1
-1
-1
-1
-1
-1
-1
-1
-1
-1
-1
-1
-1
0 18 1
4 33 45
6 33 44
1 34 43
1 34 42
6 34 41
2 35 41
4 34 44
1 36 40
1 36 39
1 36 38
4 36 41
2 37 37
2 38 37
1 39 36
1 39 35
4 39 37
6 36 37
-1
-1
-1
-1
-1
-1
-1
-1
-1
0 39 34
6 34 3
4 34 4
2 33 4
1 32 5
4 32 6
2 31 6
2 30 6
2 29 6
2 28 6
2 27 6
6 32 4
-1
-1
-1
-1
-1
-1
0 26 6
-1
-1
-1
-1
-1
-1
-1
-1
-1
-1
0 17 44
-1
-1
-1
-1
-1
-1
-1
-1
-1
0 36 37
6 17 43
2 18 43
4 19 43
1 19 42
1 19 41
2 20 40
2 21 40
2 22 40
2 23 40
2 24 40
2 25 40
2 26 40
4 27 40
6 19 40
0 27 39
1 26 7
1 26 8
1 26 9
1 26 10
0 26 11
6 6 30
6 7 29
2 8 29
2 9 29
2 10 29
2 11 29
2 13 29
2 14 29
2 15 29
2 12 29
4 7 30
1 16 28
4 16 29
0 16 27
0 36 41
-1
-1
-1
-1
0 34 8
1 26 12
3 26 13
5 27 13
3 27 14
0 28 14
-1
-1
-1
0 19 40
3 5 31
1 5 30
1 5 29
1 5 28
1 5 27
1 5 26
1 5 25
1 5 24
6 5 23
4 6 23
1 6 22
1 6 21
1 6 20
0 6 19
0 8 34
0 33 31
4 40 34
1 40 33
1 40 32
1 40 31
1 40 30
1 40 29
1 40 28
1 40 27
1 40 26
0 40 25
0 11 44
0 23 44
0 25 2
2 36 3
2 37 3
2 38 3
2 39 3
0 40 3
0 32 39
2 7 34
2 6 34
2 5 34
0 4 34
0 20 44
3 33 32
2 34 32
4 35 32
6 35 31
4 36 31
0 36 30
0 29 2
0 28 45
1 28 15
4 28 16
0 27 16
3 27 17
2 28 17
2 29 17
5 30 17
0 30 18
0 32 4
0 14 44
0 22 2
2 25 6
0 24 6
1 6 18
1 6 17
0 6 16
0 34 44
5 6 15
3 5 15
5 5 14
2 4 14
3 3 14
0 3 13
0 9 38
0 5 25
0 4 25
0 8 29
0 34 13
0 16 29
1 14 45
0 14 46
2 2 13
3 1 13
0 1 12
0 40 28
0 32 36
0 37 41
1 28 46
1 28 47
0 28 48
0 39 37
2 41 25
2 42 25
0 43 25
0 34 21
0 32 42
0 28 44
0 28 43
0 40 33
0 27 38
5 27 37
2 26 37
0 25 37
2 33 8
2 32 8
0 31 8
0 33 39
2 30 8
0 29 8
2 25 11
0 24 11
2 23 11
3 22 11
5 22 10
0 21 10
6 20 10
1 20 11
0 20 12
1 4 35
1 4 36
0 4 37
1 4 38
1 4 39
0 4 40
2 19 12
0 18 12
2 17 29
2 18 29
2 19 29
0 20 29
1 20 30
1 20 31
0 20 32
1 14 43
1 14 42
5 14 41
0 13 41
2 17 1
2 16 1
2 15 1
0 14 1
2 13 1
2 12 1
3 11 1
0 11 0
4 40 4
6 39 4
1 39 5
0 39 6
0 4 41
0 10 29
0 34 25
1 4 42
1 4 43
0 4 44
5 41 28
0 41 29
1 18 13
4 18 14
6 17 14
0 17 15
2 16 15
6 15 15
0 15 16
3 18 40
1 18 39
0 18 38
5 33 30
2 32 30
2 31 30
0 30 30
0 34 17
1 17 45
0 17 46
1 21 9
1 21 8
5 21 7
2 20 7
0 19 7
2 18 7
2 17 7
0 16 7
2 35 17
2 36 17
2 37 17
2 38 17
5 39 17
3 39 18
0 40 18
0 15 27
2 6 25
2 7 25
0 8 25
2 41 33
2 42 33
2 43 33
2 44 33
0 45 33
1 30 19
1 30 20
1 30 21
0 30 22
1 3 12
1 3 11
1 3 10
0 3 9
2 41 3
2 42 3
2 43 3
2 44 3
2 45 3
0 46 3
1 46 4
1 46 5
1 46 6
4 46 7
0 45 7
1 20 45
3 20 46
5 21 46
0 21 47
1 15 26
1 15 25
0 15 24
2 46 33
0 47 33
1 47 34
1 47 35
0 47 36
2 16 24
4 17 24
1 17 23
6 17 22
4 18 22
0 18 21
4 30 23
2 29 23
2 28 23
2 27 23
2 26 23
0 25 23
1 25 22
1 25 21
5 25 20
0 24 20
6 18 37
2 19 37
4 20 37
6 20 36
0 21 36
3 32 46
5 33 46
0 33 47
1 30 31
1 30 32
0 30 33
1 45 8
1 45 9
1 45 10
0 45 11
1 45 12
3 45 13
2 46 13
2 47 13
5 48 13
3 48 14
5 49 14
0 49 15
2 21 29
2 22 29
2 23 29
0 24 29
1 14 2
0 14 3
4 15 17
2 14 17
2 13 17
0 12 17
1 12 16
1 12 15
1 12 14
1 12 13
1 12 12
0 12 11
0 11 11
3 17 38
1 17 37
5 17 36
3 16 36
0 16 35
0 9 43
5 4 33
3 3 33
5 3 32
2 2 32
0 1 32
2 3 37
2 2 37
0 1 37
1 9 44
1 9 45
1 9 46
1 9 47
0 9 48
5 35 21
3 35 22
2 36 22
2 37 22
0 38 22
2 9 34
2 10 34
2 11 34
0 12 34
1 4 24
1 4 23
1 4 22
5 4 21
0 3 21
2 44 25
2 45 25
2 46 25
2 47 25
2 48 25
0 49 25
3 34 45
2 35 45
2 36 45
2 37 45
2 38 45
2 39 45
0 40 45
-1
-1
-1
-1
-1
-1
-1
-1
-1
-1
-1
-1
-1
-1
-1
-1
-1
-1
-1
-1
-1
-1
-1
-1
-1
-1
-1
-1
-1
-1
-1
-1
-1
-1
-1
-1
-1
-1
-1
-1
-1
-1
-1
-1
-1
-1
-1
-1
-1
-1
-1
-1
-1
-1
-1
-1
-1
-1
-1
-1
-1
-1
-1
-1
-1
-1
-1
-1
-1
-1
-1
-1
-1
-1
-1
-1
-1
-1
-1
-1
-1
-1
-1
-1
-1
-1
-1
-1
-1
-1
-1
-1
-1
-1
-1
-1
-1
-1
-1
-1
-1
-1
-1
-1
-1
-1
-1
-1
-1
-1
-1
-1
-1
-1
-1
-1
-1
-1
-1
-1
-1
-1
-1
-1
-1
-1
-1
-1
-1
-1
-1
-1
-1
-1
-1
-1
-1
-1
-1
-1
-1
-1
-1
-1
-1
-1
-1
-1
-1
-1
-1
-1
-1
-1
-1
-1
-1
-1
-1
-1
-1
-1
-1
-1
-1
-1
-1
-1
-1
-1
-1
-1
-1
-1
-1
-1
-1
-1
-1
-1
