# yaki_cnt = 84660
# Score = 1366160
0 36 14
5 37 14
1 37 15
1 37 16
1 37 17
1 37 18
1 37 19
1 37 20
1 37 21
1 37 22
1 37 23
1 37 24
1 37 25
1 37 26
1 37 27
1 37 28
3 37 29
1 38 30
1 38 31
5 38 29
0 38 32
4 38 33
2 37 33
6 36 33
1 36 34
2 35 35
2 34 35
2 33 35
6 32 35
4 32 36
6 31 36
4 36 35
4 31 38
2 30 38
2 29 38
2 28 38
2 27 38
6 26 38
4 26 39
1 25 40
4 25 41
6 25 39
1 31 37
-1
-1
-1
-1
-1
-1
-1
-1
-1
-1
-1
-1
-1
-1
-1
-1
-1
-1
-1
-1
-1
-1
-1
-1
-1
-1
-1
-1
-1
-1
-1
-1
-1
-1
-1
-1
-1
-1
-1
-1
-1
-1
-1
-1
-1
-1
-1
-1
-1
-1
-1
-1
-1
-1
-1
-1
-1
-1
-1
-1
-1
-1
-1
-1
-1
-1
-1
-1
-1
-1
-1
-1
-1
-1
-1
-1
-1
-1
0 24 41
1 36 13
5 36 12
3 35 12
5 35 11
2 34 11
5 33 10
3 32 10
1 32 9
1 32 8
1 32 7
5 32 6
3 31 6
5 31 5
2 30 5
3 29 5
1 29 4
2 28 3
2 27 3
2 26 3
5 29 3
3 33 11
-1
-1
-1
-1
-1
-1
-1
-1
-1
-1
-1
-1
-1
-1
-1
-1
-1
-1
-1
-1
-1
-1
-1
-1
-1
-1
-1
-1
-1
-1
0 25 3
4 24 42
6 23 42
1 23 43
1 23 44
1 23 45
4 23 46
2 22 46
-1
-1
-1
-1
-1
-1
-1
-1
-1
-1
-1
-1
-1
-1
-1
-1
-1
-1
0 21 46
6 24 3
4 24 4
6 23 4
4 23 5
2 22 5
-1
-1
-1
-1
-1
-1
-1
-1
-1
-1
-1
-1
0 21 5
5 21 4
2 20 4
2 19 4
2 18 4
2 17 4
2 16 4
2 15 4
2 14 4
2 13 4
2 12 4
2 11 4
2 10 4
2 9 4
-1
0 8 4
3 21 47
3 22 48
2 23 48
2 24 48
2 25 48
2 26 48
5 22 47
-1
-1
-1
0 27 48
1 20 6
1 20 7
1 20 8
1 20 9
4 20 10
2 19 10
6 18 10
4 18 11
6 20 5
0 17 11
-1
-1
-1
-1
-1
-1
0 31 37
1 17 12
1 17 13
1 17 15
1 17 16
1 17 17
1 17 18
1 17 19
1 17 20
1 17 21
1 17 22
1 17 23
1 17 24
4 17 25
2 16 25
6 15 25
1 15 26
4 15 27
1 17 14
2 13 27
2 12 27
2 11 27
2 14 27
0 10 27
2 39 32
0 40 32
6 25 2
2 26 2
4 27 2
0 27 1
0 38 29
2 9 27
2 8 27
2 7 27
0 6 27
2 37 32
3 36 32
5 36 31
3 35 31
1 35 30
0 35 29
0 26 38
5 32 37
1 32 38
1 32 39
1 32 40
3 32 41
5 33 41
3 33 42
0 34 42
0 33 11
2 25 38
2 24 38
2 23 38
2 22 38
2 21 38
2 20 38
0 19 38
0 36 12
0 30 5
4 35 42
6 35 41
4 36 41
6 36 40
0 37 40
0 23 48
2 26 1
2 25 1
2 24 1
0 23 1
0 36 35
1 10 28
1 10 29
4 10 30
0 9 30
2 28 48
2 29 48
0 30 48
0 8 3
2 9 3
2 10 3
2 11 3
2 12 3
0 13 3
0 15 26
3 16 11
0 16 10
1 27 47
1 27 46
0 27 45
0 29 3
2 31 48
0 32 48
2 33 48
4 34 48
6 34 47
2 35 47
2 36 47
0 37 47
0 24 38
0 20 46
0 17 15
2 38 47
2 39 47
0 40 47
2 41 47
2 42 47
4 43 47
0 43 46
2 44 46
2 45 46
2 46 46
0 47 46
0 20 9
4 37 12
0 37 11
0 17 25
5 21 9
1 21 10
1 21 11
3 21 12
0 22 12
6 34 29
1 34 30
1 34 31
4 34 32
0 33 32
2 16 15
2 15 15
2 14 15
2 13 15
0 12 15
1 12 14
5 12 13
2 11 13
2 10 13
2 9 13
0 8 13
2 18 38
2 17 38
2 16 38
2 15 38
0 14 38
1 14 39
1 14 40
1 14 41
0 14 42
3 22 13
2 23 13
5 24 13
1 24 14
1 24 15
0 24 16
2 25 16
2 26 16
2 27 16
4 28 16
0 28 15
4 48 46
1 48 45
1 48 44
0 48 43
1 24 37
1 24 36
1 24 35
1 24 34
5 24 33
2 23 33
0 22 33
0 22 32
2 23 32
2 24 32
0 25 32
1 25 31
1 25 30
1 25 29
0 25 28
5 29 15
1 29 16
1 29 17
1 29 18
3 29 19
0 30 19
3 13 42
5 13 41
2 12 41
2 11 41
2 10 41
0 9 41
-1
-1
-1
-1
-1
-1
-1
-1
-1
-1
-1
-1
-1
-1
-1
-1
-1
-1
-1
-1
-1
-1
-1
-1
-1
-1
-1
-1
-1
-1
-1
-1
-1
-1
-1
-1
-1
-1
-1
-1
-1
-1
-1
-1
-1
-1
-1
-1
-1
-1
-1
-1
-1
-1
-1
-1
-1
-1
-1
-1
-1
-1
-1
-1
-1
-1
-1
-1
-1
-1
-1
-1
-1
-1
-1
-1
-1
-1
-1
-1
-1
-1
-1
-1
-1
-1
-1
-1
-1
-1
-1
-1
-1
-1
-1
-1
-1
-1
-1
-1
-1
-1
-1
-1
-1
-1
-1
-1
-1
-1
-1
-1
-1
-1
-1
-1
-1
-1
-1
-1
-1
-1
-1
-1
-1
-1
-1
-1
-1
-1
-1
-1
-1
-1
-1
-1
-1
-1
-1
-1
-1
-1
-1
-1
-1
-1
-1
-1
-1
-1
-1
-1
-1
-1
-1
-1
-1
-1
-1
-1
-1
-1
-1
-1
-1
-1
-1
-1
-1
-1
-1
-1
-1
-1
-1
-1
-1
-1
-1
-1
-1
-1
-1
-1
-1
-1
-1
-1
-1
-1
-1
-1
-1
-1
-1
-1
-1
-1
-1
-1
-1
-1
-1
-1
-1
-1
-1
-1
-1
-1
-1
-1
-1
-1
-1
-1
-1
-1
-1
-1
-1
-1
-1
-1
-1
-1
-1
-1
-1
-1
-1
-1
-1
-1
-1
-1
-1
-1
-1
-1
-1
-1
-1
-1
-1
-1
-1
-1
-1
-1
-1
-1
-1
-1
-1
-1
-1
-1
-1
-1
-1
-1
-1
-1
-1
-1
-1
-1
-1
-1
-1
-1
-1
-1
-1
-1
-1
-1
-1
-1
-1
-1
-1
-1
-1
-1
-1
-1
-1
-1
-1
-1
-1
-1
-1
-1
-1
-1
-1
-1
-1
-1
-1
-1
-1
-1
-1
-1
-1
-1
-1
-1
-1
-1
-1
-1
-1
-1
-1
-1
-1
-1
-1
-1
-1
-1
-1
-1
-1
-1
-1
-1
-1
-1
-1
-1
-1
-1
-1
-1
-1
-1
-1
-1
-1
-1
-1
-1
-1
-1
-1
