# yaki_cnt = 60860
0 45 34
2 44 34
2 43 34
2 42 34
2 41 34
2 40 34
2 39 34
2 38 34
2 37 34
2 36 34
2 34 34
2 33 34
2 31 34
2 30 34
2 29 34
2 28 34
2 27 34
2 26 34
2 25 34
2 24 34
2 23 34
2 22 34
2 21 34
2 20 34
2 19 34
2 18 34
2 17 34
2 16 34
2 15 34
2 14 34
2 13 34
2 32 34
2 11 34
2 10 34
2 9 34
2 8 34
2 6 34
2 7 34
2 12 34
2 35 34
0 5 34
1 45 33
1 45 32
1 45 31
1 45 30
1 45 29
6 45 28
4 46 28
1 46 26
1 46 25
1 46 24
1 46 23
1 46 22
1 46 21
1 46 20
1 46 19
1 46 18
1 46 17
1 46 16
1 46 15
1 46 14
1 46 13
1 46 12
1 46 11
1 46 10
1 46 9
1 46 27
-1
-1
-1
-1
-1
-1
-1
-1
-1
-1
-1
-1
-1
-1
-1
0 46 8
1 5 35
1 5 36
1 5 37
1 5 38
1 5 39
3 5 40
2 6 40
2 7 40
2 8 40
2 9 40
2 10 40
5 11 40
-1
-1
-1
-1
-1
-1
-1
-1
-1
-1
-1
-1
-1
-1
-1
-1
-1
-1
-1
-1
-1
-1
-1
-1
-1
-1
-1
-1
-1
0 11 41
2 45 8
2 44 8
3 42 8
1 42 7
5 42 6
2 41 6
2 40 6
2 43 8
-1
-1
-1
-1
-1
-1
-1
-1
-1
-1
-1
-1
-1
-1
-1
-1
-1
0 39 6
6 38 6
4 38 7
2 37 7
2 36 7
2 35 7
2 34 7
2 33 7
2 32 7
2 31 7
2 30 7
2 29 7
2 28 7
6 27 7
1 27 8
1 27 9
4 27 10
-1
-1
-1
-1
-1
-1
-1
0 26 10
1 45 35
1 45 36
1 45 37
1 45 38
2 44 39
6 42 39
4 42 40
6 41 40
1 41 41
4 41 42
2 40 42
1 39 43
1 39 44
4 39 45
6 39 42
2 43 39
4 45 39
0 38 45
1 26 9
1 26 8
1 26 7
1 26 6
1 26 5
2 25 4
2 24 4
2 22 4
2 21 4
2 20 4
2 19 4
2 18 4
2 16 4
2 15 4
2 14 4
2 13 4
2 12 4
2 11 4
2 10 4
2 9 4
2 8 4
2 7 4
2 5 4
2 4 4
2 6 4
2 17 4
2 23 4
5 26 4
0 3 4
0 35 34
5 35 33
3 34 33
1 34 32
1 34 31
1 34 30
1 34 29
5 34 28
-1
0 33 28
6 33 27
4 34 27
1 34 26
1 34 25
1 34 24
1 34 23
-1
-1
0 34 22
6 39 5
2 40 5
4 41 5
6 41 4
1 42 3
4 42 4
0 42 2
1 35 35
1 35 36
1 35 37
1 35 38
1 35 39
4 35 40
2 34 40
0 33 40
5 33 39
2 32 39
2 31 39
2 30 39
0 29 39
1 3 5
1 3 6
1 3 7
1 3 8
1 3 10
1 3 11
1 3 9
0 3 12
-1
-1
0 46 27
1 26 12
4 26 13
6 25 13
4 25 14
1 26 11
0 24 14
4 11 42
6 10 42
1 10 43
4 10 44
2 9 44
0 8 44
4 47 27
1 47 26
1 47 25
1 47 24
0 47 23
0 26 4
4 33 29
6 32 29
4 32 30
2 31 30
0 30 30
2 7 44
2 6 44
2 5 44
2 4 44
2 2 44
2 3 44
0 1 44
0 32 34
4 6 33
1 6 32
1 6 31
1 6 30
1 6 29
1 6 28
6 6 27
4 7 27
6 5 33
0 7 26
0 12 34
0 43 8
0 23 4
3 38 46
2 39 46
2 40 46
2 41 46
2 42 46
0 43 46
0 3 9
3 12 35
5 13 35
0 13 36
0 17 4
2 45 27
6 44 27
1 44 28
1 44 29
1 44 30
0 44 31
0 9 4
0 43 39
6 4 34
1 4 35
1 4 36
1 4 37
0 4 38
0 7 34
0 34 28
5 35 28
3 35 29
0 36 29
6 36 28
2 37 28
4 38 28
0 38 27
0 45 39
0 42 4
1 23 5
1 23 6
3 23 7
0 24 7
0 5 33
0 39 42
1 7 25
5 7 24
3 6 24
1 6 23
1 6 22
0 6 21
0 3 44
0 44 46
0 42 1
2 5 21
2 4 21
0 3 21
2 2 21
0 1 21
1 29 40
1 29 41
1 29 42
0 29 43
1 9 5
0 9 6
2 29 30
2 28 30
0 27 30
2 14 36
2 15 36
0 16 36
1 29 44
1 29 45
0 29 46
1 17 5
1 17 6
0 17 7
1 1 22
1 1 23
1 1 24
0 1 25
0 27 10
1 27 29
1 27 28
0 27 27
6 27 26
4 28 26
0 28 25
2 43 2
2 44 2
2 45 2
2 46 2
0 47 2
2 27 25
2 26 25
2 25 25
2 24 25
2 23 25
3 22 25
1 22 24
5 22 23
0 21 23
2 20 23
2 19 23
0 18 23
2 17 23
2 16 23
0 15 23
3 3 13
2 4 13
2 5 13
0 6 13
2 39 27
4 40 27
1 40 26
1 40 25
6 40 24
0 41 24
1 34 21
1 34 20
1 34 19
1 34 18
1 34 17
0 34 16
2 35 16
2 36 16
2 37 16
5 38 16
0 38 17
2 39 17
2 40 17
0 41 17
3 3 38
1 3 37
5 3 36
2 2 36
2 1 36
0 0 36
2 45 46
4 46 46
6 46 45
2 47 45
0 48 45
0 3 45
2 17 36
2 18 36
2 19 36
0 20 36
1 39 41
1 39 40
1 39 39
1 39 38
1 39 37
5 39 36
2 38 36
3 37 36
0 37 35
2 41 1
2 40 1
2 39 1
2 38 1
2 37 1
0 36 1
1 17 8
1 17 9
1 17 10
1 17 11
0 17 12
1 18 24
4 18 25
0 17 25
5 30 46
3 30 47
2 31 47
0 32 47
-1
-1
-1
-1
-1
-1
-1
-1
-1
-1
-1
-1
-1
-1
-1
-1
-1
-1
-1
-1
-1
-1
-1
-1
-1
-1
-1
-1
-1
-1
-1
-1
-1
-1
-1
-1
-1
-1
-1
-1
-1
-1
-1
-1
-1
-1
-1
-1
-1
-1
-1
-1
-1
-1
-1
-1
-1
-1
-1
-1
-1
-1
-1
-1
-1
-1
-1
-1
-1
-1
-1
-1
-1
-1
-1
-1
-1
-1
-1
-1
-1
-1
-1
-1
-1
-1
-1
-1
-1
-1
-1
-1
-1
-1
-1
-1
-1
-1
-1
-1
-1
-1
-1
-1
-1
-1
-1
-1
-1
-1
-1
-1
-1
-1
-1
-1
-1
-1
-1
-1
-1
-1
-1
-1
-1
-1
-1
-1
-1
-1
-1
-1
-1
-1
-1
-1
-1
-1
-1
-1
-1
-1
-1
-1
-1
-1
-1
-1
-1
-1
-1
-1
-1
-1
-1
-1
-1
-1
-1
-1
-1
-1
-1
-1
-1
-1
-1
-1
-1
-1
-1
-1
-1
-1
-1
-1
-1
-1
-1
-1
-1
-1
-1
-1
-1
-1
-1
-1
-1
-1
-1
-1
-1
-1
-1
-1
-1
-1
-1
-1
-1
-1
-1
-1
-1
-1
-1
-1
-1
-1
-1
-1
-1
-1
-1
-1
-1
-1
-1
-1
-1
-1
-1
-1
-1
-1
-1
-1
-1
-1
-1
-1
-1
-1
-1
-1
-1
-1
-1
-1
-1
-1
-1
-1
-1
-1
-1
-1
-1
-1
-1
-1
-1
-1
-1
-1
-1
-1
-1
-1
-1
-1
-1
-1
-1
-1
-1
-1
-1
-1
-1
-1
-1
-1
-1
-1
-1
-1
-1
-1
-1
-1
-1
-1
-1
-1
-1
-1
-1
-1
-1
-1
-1
-1
-1
-1
-1
-1
-1
-1
-1
-1
-1
-1
-1
-1
-1
-1
-1
-1
-1
-1
-1
