# yaki_cnt = 6560
# Score = 13061319
0 33 19
1 33 20
1 33 21
1 33 22
1 33 24
1 33 25
1 33 26
1 33 27
1 33 28
1 33 29
1 33 23
1 33 31
1 33 32
1 33 33
1 33 34
1 33 30
1 33 36
1 33 37
1 33 35
1 33 39
1 33 40
1 33 42
1 33 43
1 33 41
1 33 38
0 33 44
2 34 19
4 35 19
6 35 18
-1
-1
-1
-1
-1
-1
-1
-1
-1
0 36 18
2 32 19
2 31 19
2 30 19
2 28 19
2 27 19
2 26 19
2 25 19
2 29 19
2 23 19
2 22 19
2 21 19
2 20 19
6 19 19
2 18 20
6 17 20
4 19 20
2 24 19
2 16 21
2 15 21
4 14 22
2 13 22
6 14 21
4 17 21
0 12 22
5 34 44
1 34 45
1 34 46
3 34 47
0 35 47
6 36 17
4 37 17
2 38 16
6 37 16
0 39 16
1 35 46
1 35 45
6 35 44
2 36 44
0 37 44
6 33 18
4 34 18
1 34 17
1 34 16
0 34 15
2 11 22
2 10 22
1 9 21
1 9 20
3 9 22
2 8 19
5 9 19
0 7 19
0 40 16
1 12 23
1 12 24
1 12 25
0 12 26
2 32 44
2 31 44
0 30 44
1 7 18
1 7 17
1 7 16
1 7 15
1 7 14
1 7 13
1 7 12
0 7 11
2 6 11
3 5 11
2 4 10
3 3 10
1 3 9
5 3 8
5 5 10
0 2 8
2 33 15
0 32 15
0 9 19
0 33 38
5 37 43
3 36 43
0 36 42
1 7 10
1 7 9
1 7 8
0 7 7
0 31 15
5 30 43
3 29 43
0 29 42
0 7 13
2 28 42
2 27 42
2 26 42
2 25 42
2 24 42
0 23 42
4 31 16
2 30 16
0 29 16
2 22 42
2 21 42
2 20 42
2 19 42
0 18 42
0 19 19
0 16 21
1 2 7
1 2 6
1 2 5
0 2 4
0 33 23
0 19 20
2 8 11
2 9 11
0 10 11
0 33 41
0 31 19
0 33 35
1 36 19
1 36 20
0 36 21
1 19 18
1 19 17
6 19 16
0 20 16
1 34 14
0 34 13
0 18 41
1 20 15
1 20 14
1 20 13
0 20 12
6 11 26
1 11 27
1 11 28
0 11 29
2 37 21
0 38 21
0 27 42
2 38 44
2 39 44
0 40 44
1 30 45
0 30 46
0 20 11
0 29 19
0 24 19
1 20 10
1 20 9
0 20 8
0 35 48
0 5 10
1 40 43
1 40 42
6 40 41
0 41 41
1 23 43
0 23 44
1 11 30
1 11 31
0 11 32
1 27 41
1 27 40
0 27 39
2 10 32
0 9 32
1 34 12
1 34 11
0 34 10
2 21 8
2 22 8
0 23 8
1 23 9
0 23 10
0 7 18
0 20 42
2 32 38
0 31 38
0 27 19
1 23 7
0 23 6
1 29 15
0 29 14
2 24 10
5 25 10
1 25 11
0 25 12
2 11 11
2 12 11
0 13 11
1 34 9
1 34 8
1 34 7
0 34 6
1 16 22
1 16 23
0 16 24
2 6 18
0 5 18
0 33 6
0 14 11
0 5 17
2 17 24
0 18 24
0 19 24
1 34 5
1 34 4
1 34 3
1 34 2
0 34 1
0 9 22
1 23 45
1 23 46
0 23 47
2 17 42
2 16 42
0 15 42
0 37 16
2 32 6
2 31 6
0 30 6
0 2 5
0 15 43
1 23 5
0 23 4
1 23 3
1 23 2
0 23 1
0 37 15
0 35 49
1 15 44
0 15 45
1 41 40
1 41 39
1 41 38
0 41 37
2 40 37
0 39 37
2 14 45
2 13 45
2 12 45
0 11 45
1 11 46
0 11 47
1 11 33
1 11 34
3 11 35
0 12 35
1 12 36
3 12 37
0 13 37
1 41 36
1 41 35
1 41 34
0 41 33
2 33 1
6 32 1
0 32 2
2 22 47
2 21 47
0 20 47
0 19 47
1 30 47
0 30 48
0 29 48
2 24 8
2 25 8
0 26 8
0 31 2
0 40 33
2 35 6
2 36 6
0 37 6
2 10 47
0 9 47
1 37 7
0 37 8
0 15 11
0 32 23
5 20 7
2 19 7
0 18 7
0 18 6
0 27 8
2 12 29
2 13 29
2 14 29
0 15 29
1 20 48
0 20 49
0 16 29
2 33 10
0 32 10
1 9 23
1 9 24
4 9 25
0 8 25
0 33 30
2 24 44
0 25 44
0 3 10
1 16 20
5 16 19
0 15 19
0 15 18
3 40 45
2 41 45
2 42 45
0 43 45
2 30 2
0 29 2
1 43 46
0 43 47
0 28 2
0 27 2
2 2 10
0 1 10
2 8 32
2 7 32
0 6 32
1 6 31
0 6 30
2 5 30
2 4 30
0 3 30
2 28 16
2 27 16
0 26 16
2 20 24
2 21 24
0 22 24
0 22 23
5 27 38
2 26 38
0 25 38
1 25 37
1 25 36
0 25 35
0 15 17
2 24 38
0 23 38
1 37 5
1 37 4
0 37 3
2 34 38
0 35 38
2 3 4
4 4 4
6 4 3
0 5 3
2 42 33
2 43 33
0 44 33
2 45 33
2 46 33
0 47 33
2 7 25
0 6 25
0 47 34
1 6 24
0 6 23
1 9 46
1 9 45
5 9 44
0 8 44
1 8 43
1 8 42
0 8 41
2 7 41
2 6 41
0 5 41
0 2 30
1 29 13
1 29 12
0 29 11
2 32 30
0 31 30
4 21 16
6 21 15
0 22 15
1 8 40
1 8 39
1 8 38
0 8 37
1 40 15
6 40 14
4 41 14
1 41 13
6 41 12
0 42 12
2 14 17
3 13 17
5 13 16
0 12 16
2 42 37
0 43 37
0 40 41
0 16 30
0 8 36
2 36 47
2 37 47
0 38 47
5 5 40
0 4 40
0 19 16
2 17 29
2 18 29
2 19 29
0 20 29
2 21 29
0 22 29
1 22 30
1 22 31
0 22 32
2 1 4
0 0 4
1 16 31
0 16 32
1 47 32
1 47 31
0 47 30
0 47 29
0 46 29
2 44 45
2 45 45
2 46 45
0 47 45
1 47 46
1 47 47
0 47 48
1 18 40
1 18 39
0 18 38
1 18 37
0 18 36
1 15 12
3 15 13
0 16 13
2 38 6
2 39 6
2 40 6
0 41 6
1 41 5
0 41 4
0 16 45
2 31 23
0 30 23
2 29 23
2 28 23
0 27 23
5 34 23
0 34 24
3 17 6
5 17 5
3 16 5
5 16 4
0 15 4
4 15 5
2 14 5
0 13 5
2 5 25
6 4 25
0 4 26
1 27 24
0 27 25
2 6 13
0 5 13
2 26 35
2 27 35
0 28 35
1 28 34
1 28 33
0 28 32
1 47 28
1 47 27
0 47 26
2 8 47
2 7 47
2 6 47
0 5 47
1 47 25
1 47 24
1 47 23
0 47 22
1 15 46
0 15 47
6 4 47
4 4 48
2 3 48
0 2 48
3 1 48
1 1 47
5 1 46
3 0 46
0 0 45
1 40 17
0 40 18
2 34 35
2 35 35
0 36 35
2 42 41
2 43 41
2 44 41
0 45 41
2 46 41
2 47 41
0 48 41
2 45 29
2 44 29
3 43 29
0 43 28
2 42 28
0 41 28
2 41 18
2 42 18
2 43 18
0 44 18
1 13 38
1 13 39
0 13 40
6 22 1
4 22 2
2 21 2
0 20 2
0 17 24
0 10 10
2 12 5
2 11 5
0 10 5
1 10 4
1 10 3
0 10 2
5 4 39
3 3 39
5 3 38
0 2 38
1 2 3
1 2 2
1 2 1
0 2 0
3 41 7
5 42 7
3 42 8
0 43 8
4 42 4
1 42 3
1 42 2
0 42 1
1 38 22
3 38 23
5 39 23
3 39 24
0 40 24
2 23 29
4 24 29
0 24 28
6 4 18
4 4 19
0 3 19
1 2 31
1 2 32
0 2 33
6 45 40
0 46 40
2 45 18
2 46 18
0 47 18
2 44 8
2 45 8
2 46 8
2 47 8
0 48 8
1 48 7
1 48 6
1 48 5
5 48 4
0 47 4
4 34 30
6 34 29
4 35 29
6 35 28
0 36 28
-1
-1
-1
-1
-1
-1
-1
-1
-1
-1
-1
-1
-1
-1
-1
-1
-1
-1
-1
-1
-1
-1
-1
-1
-1
-1
-1
-1
-1
-1
-1
-1
-1
-1
-1
-1
-1
-1
-1
-1
-1
-1
-1
-1
-1
-1
-1
-1
-1
-1
-1
-1
-1
-1
-1
-1
-1
-1
-1
-1
-1
-1
-1
-1
-1
-1
-1
-1
-1
-1
-1
-1
-1
-1
-1
-1
-1
-1
-1
-1
-1
-1
-1
-1
-1
-1
-1
-1
-1
-1
-1
-1
-1
-1
-1
-1
-1
-1
-1
-1
-1
-1
-1
-1
-1
-1
-1
-1
-1
-1
-1
-1
-1
-1
-1
-1
-1
-1
-1
-1
-1
-1
-1
-1
-1
-1
-1
-1
-1
-1
-1
-1
-1
-1
-1
-1
-1
-1
-1
-1
-1
-1
-1
-1
-1
-1
-1
-1
-1
-1
-1
-1
-1
-1
-1
-1
-1
-1
-1
-1
-1
-1
-1
-1
-1
-1
-1
-1
-1
-1
-1
-1
-1
-1
-1
-1
-1
