# start_size = 62
# yaki_cnt = 150230
# end_size = 76
# real_sz = 76
0 15 19
1 15 20
1 15 21
1 15 22
1 15 23
2 16 24
2 17 24
2 18 24
2 19 24
2 20 24
2 21 24
1 22 25
1 22 26
1 22 27
1 22 28
3 22 30
5 23 30
1 23 31
1 23 32
1 23 33
1 22 29
5 22 24
3 15 24
2 24 34
2 25 34
2 26 34
2 27 34
2 28 34
2 30 34
2 31 34
2 32 34
1 33 35
3 33 36
2 34 36
2 35 36
2 36 36
2 37 36
2 38 36
2 39 36
5 33 34
2 29 34
1 40 37
1 40 38
1 40 40
3 40 41
2 41 41
5 42 41
1 42 43
1 42 44
1 42 45
1 42 46
1 42 47
1 42 48
3 42 49
1 42 42
1 40 39
5 40 36
3 23 34
0 43 49
5 15 18
3 14 18
1 14 16
1 14 15
1 14 14
-1
1 14 17
-1
-1
-1
-1
-1
-1
-1
-1
-1
-1
-1
-1
-1
-1
-1
-1
-1
-1
-1
-1
-1
-1
-1
-1
-1
-1
-1
-1
-1
-1
-1
-1
-1
-1
-1
-1
-1
-1
-1
-1
-1
-1
-1
-1
-1
-1
-1
-1
-1
-1
-1
-1
-1
-1
-1
-1
-1
-1
-1
-1
-1
-1
-1
-1
-1
-1
-1
-1
-1
-1
-1
-1
-1
-1
-1
-1
-1
-1
-1
-1
-1
-1
0 14 13
5 14 12
2 13 12
2 12 12
3 11 12
2 10 11
2 9 11
2 8 11
2 7 11
2 6 11
2 5 11
2 4 11
5 11 11
-1
-1
-1
-1
-1
-1
-1
-1
-1
-1
-1
-1
-1
-1
-1
-1
-1
-1
-1
-1
-1
-1
-1
-1
-1
-1
-1
-1
-1
-1
-1
-1
-1
-1
-1
-1
0 3 11
-1
-1
-1
-1
-1
-1
-1
-1
-1
-1
-1
-1
-1
-1
-1
-1
-1
-1
-1
-1
-1
-1
-1
-1
0 23 34
-1
-1
-1
-1
-1
-1
-1
-1
-1
-1
-1
-1
-1
-1
-1
-1
-1
0 40 36
-1
-1
-1
-1
-1
-1
-1
-1
-1
-1
-1
-1
-1
-1
0 11 11
1 40 35
1 40 34
1 40 33
1 40 32
2 41 31
2 42 31
4 43 31
6 40 31
-1
-1
-1
-1
-1
-1
0 43 30
2 42 30
2 41 30
2 40 30
2 39 30
2 38 30
2 37 30
2 36 30
3 35 30
5 35 29
2 34 29
2 33 29
2 32 29
5 31 28
2 30 28
2 29 28
3 28 28
3 31 29
0 28 27
6 3 10
2 4 10
2 5 10
4 6 10
1 6 9
1 6 8
0 6 7
4 44 49
1 44 48
1 44 47
1 44 45
1 44 44
1 44 43
6 44 42
1 44 46
-1
0 45 42
3 23 35
2 24 35
2 25 35
5 26 35
1 26 36
1 26 37
2 27 38
2 28 38
5 29 38
3 26 38
2 30 39
2 31 39
2 32 39
2 33 39
2 34 39
2 35 39
2 36 39
2 37 39
1 38 40
1 38 41
1 38 42
1 38 43
1 38 44
1 38 45
5 38 39
3 29 39
0 38 46
2 15 13
2 16 13
4 18 13
6 18 12
2 19 12
4 20 12
2 17 13
0 20 11
1 11 10
6 11 9
4 12 9
1 12 8
1 12 7
1 12 6
1 12 5
1 12 4
0 12 3
6 22 34
1 22 35
4 22 36
6 21 36
4 21 37
2 20 37
2 19 37
1 18 38
1 18 39
1 18 40
1 18 41
1 18 42
1 18 43
6 18 37
0 18 44
0 15 24
2 44 30
2 45 30
2 46 30
4 47 30
0 47 29
5 46 42
1 46 43
1 46 44
1 46 45
1 46 46
1 46 47
3 46 48
0 47 48
1 28 26
1 28 25
1 28 24
0 28 23
2 29 23
2 30 23
2 32 23
2 33 23
2 34 23
2 35 23
2 31 23
4 37 23
6 37 22
2 36 23
0 38 22
0 29 34
0 22 24
0 29 39
3 3 12
5 4 12
0 4 13
2 21 11
2 22 11
2 23 11
2 24 11
2 25 11
2 26 11
4 27 11
1 27 10
1 27 9
1 27 8
0 27 7
0 40 39
0 42 42
0 33 34
1 18 45
3 18 46
5 19 46
3 19 47
0 20 47
0 36 23
0 31 29
0 18 37
2 29 27
2 30 27
2 31 27
5 32 27
3 32 28
0 33 28
3 14 24
5 14 23
2 13 23
2 12 23
2 11 23
0 10 23
0 31 23
1 31 22
1 31 21
1 31 20
0 31 19
0 22 29
0 17 13
2 21 29
3 20 29
5 20 28
0 19 28
0 29 33
2 5 13
2 6 13
2 7 13
2 8 13
5 9 13
0 9 14
0 38 39
0 40 31
0 14 17
6 17 37
1 17 38
0 17 39
2 23 29
2 24 29
0 25 29
0 26 38
1 19 29
0 19 30
1 29 40
0 29 41
2 9 23
2 8 23
2 7 23
2 6 23
0 5 23
1 5 24
1 5 25
0 5 26
2 28 7
2 29 7
2 30 7
4 31 7
6 31 6
4 32 6
0 32 5
5 33 5
1 33 6
1 33 7
1 33 8
1 33 9
1 33 10
0 33 11
3 29 42
2 30 42
5 31 42
3 31 43
5 32 43
0 32 44
1 5 22
1 5 21
1 5 20
6 5 19
0 6 19
1 26 39
4 26 40
2 25 40
0 24 40
2 13 3
2 14 3
2 15 3
0 16 3
1 5 27
1 5 28
1 5 29
1 5 30
1 5 31
0 5 32
0 44 46
1 5 33
1 5 34
1 5 35
0 5 36
1 5 37
1 5 38
3 5 39
5 6 39
1 6 40
0 6 41
2 7 41
0 8 41
1 6 6
1 6 5
1 6 4
5 6 3
2 5 3
3 4 3
0 4 2
1 32 45
1 32 46
0 32 47
0 23 24
2 31 47
2 30 47
2 29 47
0 28 47
5 28 22
3 27 22
0 27 21
1 27 20
1 27 19
1 27 18
0 27 17
2 26 17
2 25 17
2 24 17
2 23 17
0 22 17
5 16 19
3 16 20
2 17 20
2 18 20
0 19 20
6 45 41
4 46 41
0 46 40
1 32 4
1 32 3
5 32 2
0 31 2
1 8 42
1 8 43
1 8 44
1 8 45
0 8 46
4 34 11
1 34 10
6 34 9
2 35 9
2 36 9
2 37 9
2 38 9
2 39 9
4 40 9
1 40 8
0 40 7
4 41 7
6 41 6
2 42 6
2 43 6
4 44 6
0 44 5
1 47 28
1 47 27
1 47 26
1 47 25
1 47 24
0 47 23
-1
-1
-1
-1
-1
-1
-1
-1
-1
-1
-1
-1
-1
-1
-1
-1
-1
-1
-1
-1
-1
-1
-1
-1
-1
-1
-1
-1
-1
-1
-1
-1
-1
-1
-1
-1
-1
-1
-1
-1
-1
-1
-1
-1
-1
-1
-1
-1
-1
-1
-1
-1
-1
-1
-1
-1
-1
-1
-1
-1
-1
-1
-1
-1
-1
-1
-1
-1
-1
-1
-1
-1
-1
-1
-1
-1
-1
-1
-1
-1
-1
-1
-1
-1
-1
-1
-1
-1
-1
-1
-1
-1
-1
-1
-1
-1
-1
-1
-1
-1
-1
-1
-1
-1
-1
-1
-1
-1
-1
-1
-1
-1
-1
-1
-1
-1
-1
-1
-1
-1
-1
-1
-1
-1
-1
-1
-1
-1
-1
-1
-1
-1
-1
-1
-1
-1
-1
-1
-1
-1
-1
-1
-1
-1
-1
-1
-1
-1
-1
-1
-1
-1
-1
-1
-1
-1
-1
-1
-1
-1
-1
-1
-1
-1
-1
-1
-1
-1
-1
-1
-1
-1
-1
-1
-1
-1
-1
-1
-1
-1
-1
-1
-1
-1
-1
-1
-1
-1
-1
-1
-1
-1
-1
-1
-1
-1
-1
-1
-1
-1
-1
-1
-1
-1
-1
-1
-1
