# money = 64241
# income = 207
1 48 19
1 48 20
1 48 21
1 48 22
1 48 23
1 48 24
1 48 25
1 48 26
1 48 27
1 48 28
1 48 29
1 48 30
1 48 31
1 48 32
1 48 33
1 48 34
1 48 35
1 48 36
1 48 37
1 48 38
1 48 39
1 48 40
1 48 41
1 48 42
1 48 43
1 48 44
1 48 45
1 48 46
1 48 47
4 48 48
2 47 48
2 46 48
2 45 48
2 44 48
2 43 48
2 42 48
2 41 48
2 40 48
2 39 48
2 38 48
2 37 48
2 36 48
2 35 48
2 34 48
2 33 48
2 32 48
2 31 48
2 30 48
2 29 48
2 28 48
2 27 48
2 26 48
2 25 48
2 24 48
2 23 48
2 22 48
2 21 48
2 20 48
2 19 48
2 18 48
2 17 48
2 16 48
2 15 48
2 14 48
2 13 48
2 12 48
2 11 48
2 10 48
2 9 48
0 8 48
0 48 18
-1
-1
-1
-1
-1
-1
-1
-1
-1
-1
-1
-1
-1
-1
-1
-1
-1
-1
-1
-1
-1
-1
-1
-1
-1
-1
-1
-1
-1
-1
-1
-1
-1
-1
-1
-1
-1
-1
-1
-1
-1
-1
-1
-1
-1
-1
-1
-1
-1
-1
-1
-1
-1
-1
-1
-1
-1
-1
-1
-1
-1
-1
-1
-1
-1
-1
-1
-1
-1
-1
-1
-1
-1
-1
-1
-1
-1
-1
-1
-1
-1
-1
-1
-1
-1
-1
-1
-1
-1
-1
-1
-1
-1
-1
-1
-1
-1
-1
-1
-1
-1
-1
-1
-1
-1
-1
-1
-1
-1
-1
-1
-1
-1
-1
-1
-1
-1
-1
-1
-1
-1
-1
-1
-1
-1
-1
-1
-1
-1
-1
-1
-1
-1
-1
-1
-1
-1
-1
-1
-1
-1
-1
-1
-1
-1
-1
-1
-1
-1
-1
-1
-1
-1
-1
-1
-1
-1
-1
-1
-1
-1
-1
-1
-1
-1
-1
-1
-1
-1
-1
-1
-1
-1
-1
-1
-1
-1
-1
-1
-1
-1
-1
6 47 18
1 47 19
0 47 20
5 48 17
2 47 17
6 46 17
4 46 18
2 45 18
2 44 18
2 43 18
2 42 18
2 41 18
2 40 18
2 39 18
2 38 18
2 37 18
2 36 18
2 35 18
2 34 18
2 33 18
2 32 18
2 31 18
2 30 18
2 29 18
2 28 18
2 27 18
2 26 18
2 25 18
2 24 18
2 23 18
2 22 18
2 21 18
2 20 18
2 19 18
2 18 18
2 17 18
2 16 18
0 15 18
-1
-1
-1
-1
-1
-1
-1
-1
-1
-1
-1
-1
-1
-1
-1
-1
-1
-1
-1
-1
-1
-1
-1
-1
-1
-1
-1
-1
-1
-1
-1
-1
-1
-1
-1
-1
-1
-1
-1
-1
-1
-1
-1
-1
-1
-1
-1
-1
-1
-1
-1
-1
-1
-1
-1
-1
-1
-1
-1
-1
-1
-1
-1
-1
-1
-1
-1
-1
-1
-1
-1
-1
-1
-1
-1
-1
-1
-1
-1
-1
-1
-1
-1
-1
-1
-1
-1
-1
-1
-1
-1
-1
-1
-1
-1
-1
3 8 49
2 9 49
2 10 49
2 11 49
2 12 49
2 13 49
2 14 49
2 15 49
2 16 49
0 17 49
1 15 19
1 15 20
1 15 21
4 15 22
2 14 22
2 13 22
2 12 22
2 11 22
2 10 22
2 9 22
2 8 22
0 7 22
-1
-1
-1
-1
-1
-1
-1
-1
-1
-1
-1
-1
-1
-1
-1
-1
-1
-1
-1
-1
-1
-1
-1
-1
-1
-1
-1
-1
-1
-1
-1
-1
-1
-1
-1
-1
-1
-1
-1
-1
6 15 17
2 16 17
2 17 17
2 18 17
2 19 17
2 20 17
2 21 17
2 22 17
2 23 17
2 24 17
4 25 17
1 25 16
1 25 15
1 25 14
1 25 13
1 25 12
1 25 11
1 25 10
1 25 9
1 25 8
1 25 7
1 25 6
1 25 5
1 25 4
1 25 3
1 25 2
0 25 1
-1
-1
-1
-1
-1
-1
-1
-1
-1
-1
-1
-1
-1
4 49 18
1 49 17
5 49 16
2 48 16
2 47 16
2 46 16
2 45 16
2 44 16
2 43 16
2 42 16
0 41 16
-1
-1
-1
-1
-1
-1
-1
-1
-1
-1
-1
-1
-1
-1
-1
-1
-1
-1
-1
-1
-1
-1
-1
-1
-1
-1
-1
-1
-1
-1
-1
-1
-1
-1
-1
-1
-1
-1
-1
-1
-1
-1
-1
-1
-1
-1
-1
-1
-1
-1
-1
-1
-1
-1
-1
-1
-1
-1
-1
-1
-1
-1
-1
-1
-1
-1
-1
-1
-1
-1
-1
-1
-1
-1
-1
-1
-1
-1
-1
-1
-1
-1
-1
-1
-1
-1
-1
-1
-1
-1
-1
-1
-1
-1
-1
-1
-1
-1
-1
-1
-1
-1
-1
-1
-1
-1
-1
-1
-1
-1
-1
-1
-1
-1
-1
-1
-1
-1
-1
-1
-1
-1
-1
-1
-1
-1
-1
-1
-1
-1
-1
-1
-1
-1
-1
-1
-1
-1
-1
-1
-1
-1
-1
-1
-1
-1
-1
-1
-1
-1
-1
-1
-1
-1
-1
-1
-1
-1
-1
-1
-1
-1
-1
-1
-1
-1
-1
-1
-1
-1
-1
-1
-1
-1
-1
-1
-1
-1
-1
-1
-1
-1
-1
-1
-1
-1
-1
-1
-1
-1
-1
-1
-1
-1
-1
-1
-1
-1
-1
-1
-1
-1
-1
-1
-1
-1
-1
-1
-1
-1
-1
-1
-1
-1
-1
-1
-1
-1
-1
-1
-1
-1
-1
-1
-1
-1
-1
-1
-1
-1
-1
-1
-1
-1
-1
-1
-1
-1
-1
-1
-1
-1
-1
-1
-1
-1
-1
-1
-1
-1
-1
-1
-1
-1
-1
-1
-1
-1
-1
-1
-1
-1
-1
-1
-1
-1
-1
-1
-1
-1
-1
-1
-1
-1
-1
-1
-1
-1
-1
-1
-1
-1
-1
-1
-1
-1
-1
-1
-1
-1
-1
-1
-1
-1
-1
-1
-1
-1
-1
-1
