0 3 24
1 3 23
2 4 22
1 5 20
1 5 21
1 9 17
1 9 18
4 9 19
2 8 19
2 7 19
2 6 19
6 5 19
4 5 22
6 3 22
0 9 16
1 38 3
1 38 4
-1
-1
1 38 5
-1
-1
1 38 6
-1
-1
-1
1 38 7
-1
-1
1 38 8
-1
-1
1 38 9
-1
-1
-1
1 38 10
-1
-1
1 38 11
-1
-1
1 38 12
-1
-1
-1
1 38 13
-1
-1
1 38 14
-1
-1
1 38 15
-1
-1
-1
4 38 16
-1
-1
2 37 16
-1
-1
2 36 16
-1
-1
-1
2 35 16
-1
-1
2 34 16
-1
-1
2 33 16
-1
-1
-1
2 32 16
-1
-1
2 31 16
-1
-1
2 30 16
-1
-1
-1
2 29 16
-1
-1
2 28 16
-1
-1
2 27 16
-1
-1
-1
2 26 16
-1
-1
2 25 16
-1
-1
2 24 16
-1
-1
-1
2 23 16
-1
-1
2 22 16
-1
-1
2 21 16
-1
-1
-1
2 20 16
-1
-1
2 19 16
-1
-1
2 18 16
-1
-1
-1
2 17 16
-1
-1
2 16 16
-1
-1
2 15 16
-1
-1
-1
2 14 16
-1
-1
2 13 16
-1
-1
2 12 16
-1
-1
-1
2 11 16
-1
-1
2 10 16
-1
-1
-1
-1
-1
-1
-1
-1
-1
-1
-1
-1
-1
-1
-1
-1
-1
-1
-1
-1
-1
-1
-1
-1
-1
-1
-1
-1
-1
-1
-1
-1
-1
-1
-1
-1
-1
-1
-1
-1
-1
-1
-1
-1
-1
-1
-1
-1
-1
-1
-1
-1
-1
-1
-1
-1
-1
-1
-1
-1
-1
-1
-1
-1
-1
-1
-1
-1
-1
-1
-1
-1
-1
-1
-1
-1
-1
-1
-1
-1
-1
-1
-1
-1
-1
-1
-1
-1
-1
-1
-1
-1
-1
-1
-1
-1
-1
-1
-1
-1
-1
-1
-1
-1
-1
-1
-1
-1
-1
-1
-1
-1
-1
-1
-1
-1
-1
-1
-1
-1
-1
-1
-1
-1
-1
-1
-1
-1
-1
-1
-1
-1
-1
-1
-1
-1
-1
-1
-1
-1
-1
-1
-1
-1
-1
-1
-1
-1
-1
-1
-1
-1
-1
-1
-1
-1
-1
-1
-1
-1
-1
-1
-1
-1
-1
-1
0 38 2
2 45 15
2 44 15
2 43 15
2 42 15
2 41 15
2 40 15
3 39 15
1 39 14
1 39 13
1 39 12
1 39 11
1 39 10
1 39 9
1 39 8
1 39 7
1 39 6
1 39 5
1 39 4
1 39 3
5 39 2
-1
-1
-1
-1
-1
-1
-1
-1
-1
-1
-1
-1
-1
-1
-1
-1
-1
-1
-1
-1
-1
-1
-1
-1
-1
-1
-1
-1
-1
-1
-1
-1
-1
-1
-1
-1
-1
-1
0 46 15
2 15 24
2 14 24
2 13 24
2 12 24
2 11 24
2 10 24
2 9 24
2 8 24
2 7 24
2 6 24
2 5 24
2 4 24
-1
-1
-1
-1
-1
-1
-1
-1
-1
-1
-1
-1
-1
-1
-1
-1
-1
-1
-1
0 16 24
1 16 26
1 16 25
2 32 38
2 31 38
2 30 38
2 29 38
2 28 38
2 27 38
2 26 38
2 25 38
2 24 38
2 23 38
2 22 38
2 21 38
2 20 38
2 19 38
2 18 38
2 17 38
3 16 38
1 16 37
1 16 36
1 16 35
1 16 34
1 16 33
1 16 32
1 16 31
1 16 30
1 16 29
1 16 28
1 16 27
3 33 39
5 33 38
0 34 39
1 3 28
1 3 27
1 3 26
1 3 25
-1
-1
-1
-1
-1
-1
0 3 29
4 38 39
2 37 39
2 36 39
2 35 39
1 41 37
4 41 38
2 40 38
2 39 38
6 38 38
1 41 36
-1
0 41 35
2 38 28
2 39 28
2 40 28
5 41 28
1 41 29
1 41 30
1 41 31
1 41 32
1 41 33
1 41 34
0 37 28
2 8 12
5 9 12
1 9 13
1 9 14
1 9 15
2 7 12
-1
0 6 12
1 47 33
1 47 34
4 47 35
2 46 35
2 45 35
2 44 35
2 43 35
2 42 35
6 47 32
0 48 32
5 42 27
2 41 27
2 40 27
2 39 27
2 38 27
6 37 27
0 42 28
1 18 19
1 18 20
1 18 21
1 18 22
1 18 23
4 18 24
2 17 24
0 18 18
4 3 31
1 3 30
0 2 31
2 41 1
2 40 1
2 39 1
6 38 1
0 42 1
2 6 34
2 5 34
2 4 34
2 3 34
3 2 34
1 2 33
1 2 32
0 7 34
5 43 25
1 43 26
1 43 27
4 43 28
0 42 25
0 3 22
4 44 24
2 43 24
6 42 24
0 44 23
0 5 22
2 40 24
5 41 24
3 41 25
0 39 24
1 34 40
0 34 41
2 37 41
2 36 41
2 35 41
0 38 41
0 5 19
-1
-1
0 33 38
2 11 18
2 12 18
2 13 18
2 14 18
2 15 18
2 16 18
2 17 18
0 10 18
0 2 24
3 45 25
1 45 24
5 45 23
0 46 25
0 1 31
0 16 27
0 47 32
2 5 13
4 6 13
0 4 13
3 37 2
0 37 1
6 15 27
0 15 28
0 41 36
0 7 12
1 15 29
0 15 30
0 47 25
1 47 24
0 47 23
0 38 38
-1
0 38 24
-1
-1
-1
-1
-1
-1
-1
-1
-1
-1
-1
-1
-1
-1
-1
-1
-1
-1
-1
-1
-1
-1
-1
-1
-1
-1
-1
-1
-1
-1
-1
-1
-1
-1
-1
-1
-1
-1
-1
-1
-1
-1
-1
-1
-1
-1
-1
-1
-1
-1
-1
-1
-1
-1
-1
-1
-1
-1
-1
-1
-1
-1
-1
-1
-1
-1
-1
-1
-1
-1
-1
-1
-1
-1
-1
-1
-1
-1
-1
-1
-1
-1
-1
-1
-1
-1
-1
-1
-1
-1
-1
-1
-1
-1
-1
-1
-1
-1
-1
-1
-1
-1
-1
-1
-1
-1
-1
-1
-1
-1
-1
-1
-1
-1
-1
-1
-1
-1
-1
-1
-1
-1
-1
-1
-1
-1
-1
-1
-1
-1
-1
-1
-1
-1
-1
-1
-1
-1
-1
-1
-1
-1
-1
-1
-1
-1
-1
-1
-1
-1
-1
-1
-1
-1
-1
-1
-1
-1
-1
-1
-1
-1
-1
-1
-1
-1
-1
-1
-1
-1
-1
-1
-1
-1
-1
-1
-1
-1
-1
-1
-1
-1
-1
-1
-1
-1
-1
-1
-1
-1
-1
-1
-1
-1
-1
-1
-1
-1
-1
-1
-1
-1
-1
-1
-1
-1
-1
-1
-1
-1
-1
-1
-1
-1
-1
-1
-1
-1
