# yaki_cnt = 8857740
# 31
0 10 22
1 11 20
1 11 21
4 11 22
1 14 11
1 14 12
1 14 13
1 14 14
1 14 15
1 14 16
1 14 17
1 14 18
4 14 19
2 13 19
2 12 19
1 19 5
1 19 6
1 19 7
1 19 8
1 19 9
4 19 10
2 18 10
2 17 10
2 16 10
2 15 10
6 14 10
6 11 19
0 19 4
2 22 4
2 21 4
2 20 4
-1
-1
-1
-1
-1
-1
-1
-1
-1
-1
-1
-1
-1
-1
-1
-1
-1
-1
-1
-1
-1
-1
-1
-1
-1
-1
0 23 4
-1
2 15 25
2 14 25
-1
2 13 25
2 12 25
-1
2 11 25
-1
3 10 25
1 10 24
-1
1 10 23
2 17 25
-1
2 18 25
2 16 25
-1
-1
-1
-1
-1
-1
-1
-1
-1
-1
-1
-1
-1
-1
-1
-1
-1
-1
-1
-1
-1
-1
-1
-1
-1
-1
-1
-1
-1
-1
-1
-1
-1
-1
-1
-1
-1
-1
-1
-1
-1
-1
-1
-1
-1
-1
-1
-1
-1
-1
-1
-1
-1
-1
-1
-1
-1
-1
-1
-1
-1
-1
-1
-1
-1
-1
-1
-1
-1
-1
-1
-1
-1
-1
-1
-1
-1
-1
0 19 25
1 19 29
1 19 28
1 19 27
1 19 26
2 20 39
3 19 39
1 19 38
1 19 37
1 19 36
1 19 35
1 19 34
1 19 33
1 19 32
1 19 31
1 19 30
-1
-1
-1
-1
-1
-1
-1
-1
-1
-1
-1
-1
-1
-1
-1
-1
-1
-1
-1
-1
-1
-1
-1
-1
-1
-1
-1
-1
-1
-1
-1
-1
-1
-1
-1
-1
-1
-1
-1
0 21 39
2 27 39
2 26 39
2 25 39
2 24 39
2 23 39
2 22 39
-1
-1
-1
-1
-1
-1
-1
-1
-1
-1
-1
-1
-1
-1
-1
-1
-1
-1
-1
-1
-1
-1
-1
-1
-1
-1
-1
-1
0 28 39
-1
-1
-1
-1
-1
-1
-1
-1
-1
-1
-1
-1
-1
-1
-1
-1
-1
-1
-1
-1
-1
-1
-1
-1
0 16 25
2 39 40
2 38 40
2 37 40
2 36 40
2 35 40
2 34 40
2 33 40
2 32 40
2 31 40
2 30 40
2 29 40
3 28 40
-1
-1
-1
-1
-1
-1
-1
-1
-1
-1
-1
0 40 40
2 43 43
2 42 43
2 41 43
3 40 43
1 40 42
1 40 41
-1
-1
-1
-1
-1
-1
-1
-1
-1
-1
-1
-1
0 44 43
5 10 14
1 10 15
1 10 16
1 10 17
1 10 18
1 10 19
1 10 20
1 10 21
2 8 11
5 9 11
1 9 12
1 9 13
3 9 14
-1
-1
-1
-1
-1
0 7 11
1 46 37
1 46 38
1 46 39
1 46 40
1 46 41
1 46 42
4 46 43
2 45 43
-1
-1
-1
-1
-1
-1
-1
0 46 36
2 27 43
2 26 43
2 25 43
2 24 43
2 23 43
2 22 43
3 21 43
1 21 42
1 21 41
1 21 40
2 29 46
3 28 46
1 28 45
1 28 44
5 28 43
0 30 46
2 21 8
2 22 8
4 23 8
1 23 7
1 23 6
1 23 5
-1
-1
-1
-1
-1
0 20 8
-1
-1
-1
-1
-1
-1
-1
-1
-1
0 11 19
1 40 35
1 40 36
1 40 37
1 40 38
1 40 39
-1
-1
-1
-1
-1
0 40 34
2 22 25
2 21 25
2 20 25
-1
-1
-1
-1
-1
-1
0 23 25
1 28 20
1 28 21
1 28 22
1 28 23
1 28 24
4 28 25
2 27 25
2 26 25
2 25 25
2 24 25
0 28 19
2 38 35
4 39 35
6 39 34
-1
-1
-1
0 37 35
2 36 30
5 37 30
1 37 31
1 37 32
1 37 33
1 37 34
-1
-1
0 35 30
5 16 22
1 16 23
1 16 24
-1
-1
-1
0 15 22
1 42 3
4 42 4
2 41 4
2 40 4
2 39 4
2 38 4
2 37 4
2 36 4
2 35 4
2 34 4
2 33 4
2 32 4
2 31 4
2 30 4
2 29 4
2 28 4
2 27 4
2 26 4
2 25 4
2 24 4
0 42 2
1 20 43
3 20 44
2 21 44
2 22 44
2 23 44
2 24 44
2 25 44
2 26 44
5 27 44
1 27 45
1 27 46
3 27 47
2 28 47
2 29 47
4 30 47
0 20 42
0 20 9
0 28 43
0 14 10
-1
-1
-1
0 9 14
2 31 30
2 32 30
2 33 30
2 34 30
0 30 30
-1
-1
-1
-1
0 19 30
1 46 31
1 46 32
1 46 33
1 46 34
1 46 35
0 46 30
-1
-1
-1
-1
0 18 25
2 44 28
2 45 28
5 46 28
1 46 29
0 43 28
-1
-1
-1
-1
-1
-1
-1
-1
-1
-1
-1
-1
-1
-1
-1
-1
-1
-1
-1
-1
-1
-1
-1
-1
-1
-1
-1
-1
-1
-1
-1
-1
-1
-1
-1
-1
-1
-1
-1
-1
-1
-1
-1
-1
-1
-1
-1
-1
-1
-1
-1
-1
-1
-1
-1
-1
-1
-1
-1
-1
-1
-1
-1
-1
-1
-1
-1
-1
-1
-1
-1
-1
-1
-1
-1
-1
-1
-1
-1
-1
-1
-1
-1
-1
-1
-1
-1
-1
-1
-1
-1
-1
-1
-1
-1
-1
-1
-1
-1
-1
-1
-1
-1
-1
-1
-1
-1
-1
-1
-1
-1
-1
-1
-1
-1
-1
-1
-1
-1
-1
-1
-1
-1
-1
-1
-1
-1
-1
-1
-1
-1
-1
-1
-1
-1
-1
-1
-1
-1
-1
-1
-1
-1
-1
-1
-1
-1
-1
-1
-1
-1
-1
-1
-1
-1
-1
-1
-1
-1
-1
-1
-1
-1
-1
-1
-1
-1
-1
-1
-1
-1
-1
-1
-1
-1
-1
-1
-1
-1
-1
-1
-1
-1
-1
-1
-1
-1
-1
-1
-1
-1
-1
-1
-1
-1
-1
-1
-1
-1
-1
-1
-1
-1
-1
-1
-1
-1
-1
-1
-1
-1
-1
-1
-1
-1
-1
-1
-1
-1
-1
-1
-1
-1
-1
-1
-1
-1
-1
-1
-1
-1
-1
-1
-1
-1
-1
-1
-1
-1
-1
-1
-1
-1
-1
-1
-1
-1
-1
-1
-1
-1
-1
-1
-1
-1
-1
-1
-1
-1
-1
-1
-1
-1
-1
-1
-1
-1
-1
-1
-1
-1
-1
-1
-1
-1
-1
-1
-1
-1
-1
-1
-1
-1
-1
-1
-1
-1
-1
-1
-1
