# yaki_cnt = 490010
# 59
0 3 4
3 3 10
1 3 9
1 3 8
1 3 7
1 3 6
1 3 5
3 4 13
1 4 12
1 4 11
5 4 10
0 5 13
3 5 40
1 5 39
1 5 38
1 5 37
-1
-1
1 5 36
-1
-1
-1
1 5 35
-1
-1
-1
1 5 34
-1
-1
-1
1 5 33
-1
-1
1 5 32
-1
-1
-1
1 5 31
-1
-1
-1
1 5 30
-1
-1
-1
1 5 29
-1
-1
-1
1 5 28
-1
-1
-1
1 5 27
-1
-1
1 5 26
-1
-1
-1
1 5 25
-1
-1
-1
1 5 24
-1
-1
-1
1 5 23
-1
-1
-1
1 5 22
-1
-1
-1
1 5 21
-1
-1
-1
1 5 20
-1
-1
1 5 19
-1
-1
-1
1 5 18
-1
-1
-1
1 5 17
-1
-1
-1
1 5 16
-1
-1
-1
1 5 15
-1
-1
-1
1 5 14
-1
-1
-1
-1
-1
-1
-1
-1
-1
-1
-1
-1
-1
-1
-1
-1
-1
-1
-1
-1
-1
-1
-1
-1
-1
-1
-1
-1
-1
-1
-1
-1
-1
-1
-1
-1
-1
-1
-1
-1
-1
-1
-1
-1
-1
-1
-1
-1
-1
-1
-1
-1
-1
-1
-1
-1
-1
-1
-1
-1
-1
-1
-1
-1
-1
-1
-1
-1
-1
-1
-1
-1
-1
-1
-1
-1
-1
-1
-1
-1
-1
-1
-1
-1
-1
-1
-1
-1
-1
-1
-1
-1
-1
-1
-1
-1
-1
-1
-1
-1
-1
-1
-1
-1
-1
-1
-1
-1
-1
-1
-1
-1
-1
-1
-1
-1
-1
-1
-1
-1
-1
-1
-1
-1
-1
-1
-1
-1
-1
-1
-1
-1
-1
-1
-1
-1
-1
-1
-1
-1
-1
-1
-1
-1
-1
-1
-1
-1
-1
-1
-1
-1
-1
-1
-1
-1
-1
-1
-1
-1
-1
-1
-1
-1
-1
-1
-1
-1
-1
-1
-1
-1
-1
-1
-1
-1
-1
-1
-1
-1
-1
-1
-1
-1
-1
-1
-1
-1
-1
-1
-1
0 6 40
2 15 42
2 14 42
2 13 42
2 12 42
2 11 42
2 10 42
2 9 42
2 8 42
2 7 42
3 6 42
1 6 41
2 21 42
2 20 42
2 19 42
2 18 42
2 17 42
2 16 42
2 27 43
2 26 43
2 25 43
2 24 43
2 23 43
3 22 43
5 22 42
2 33 46
2 32 46
2 31 46
2 30 46
2 29 46
3 28 46
1 28 45
1 28 44
5 28 43
-1
-1
-1
-1
-1
-1
-1
-1
-1
-1
-1
-1
-1
-1
-1
-1
-1
-1
-1
-1
-1
-1
-1
-1
-1
-1
-1
-1
-1
-1
-1
-1
-1
-1
-1
-1
0 34 46
1 7 11
1 7 12
4 7 13
2 6 13
-1
-1
-1
-1
-1
-1
-1
-1
-1
-1
-1
-1
-1
-1
-1
-1
-1
0 7 10
1 34 34
1 34 35
1 34 36
1 34 37
1 34 38
1 34 39
1 34 40
1 34 41
1 34 42
1 34 43
1 34 44
1 34 45
1 34 30
1 34 31
1 34 32
1 34 33
-1
0 34 29
4 43 46
2 42 46
2 41 46
2 40 46
2 39 46
2 38 46
2 37 46
2 36 46
2 35 46
-1
-1
0 43 45
-1
-1
-1
-1
-1
-1
-1
0 28 43
-1
-1
-1
-1
-1
0 22 42
1 7 36
1 7 37
1 7 38
1 7 39
4 7 40
0 7 35
-1
-1
-1
-1
0 4 10
2 20 39
2 21 39
5 22 39
1 22 40
1 22 41
0 19 39
4 2 7
1 2 6
1 2 5
6 2 4
0 1 7
1 36 26
1 36 27
1 36 28
4 36 29
2 35 29
0 36 25
3 4 5
5 4 4
0 5 5
2 9 39
3 8 39
1 8 38
1 8 37
1 8 36
5 8 35
0 10 39
3 1 37
1 1 36
1 1 35
1 1 34
1 1 33
1 1 32
1 1 31
1 1 30
1 1 29
1 1 28
1 1 27
1 1 26
1 1 25
1 1 24
1 1 23
1 1 22
1 1 21
1 1 20
1 1 19
1 1 18
1 1 17
1 1 16
1 1 15
1 1 14
1 1 13
1 1 12
1 1 11
1 1 10
1 1 9
1 1 8
1 2 38
5 2 37
0 2 39
0 2 37
0 3 37
2 34 20
2 35 20
5 36 20
1 36 21
1 36 22
1 36 23
1 36 24
0 33 20
1 33 16
1 33 17
1 33 18
1 33 19
0 33 15
0 43 44
5 43 40
1 43 41
1 43 42
1 43 43
0 42 40
2 39 40
2 40 40
2 41 40
0 38 40
1 38 38
1 38 39
0 38 37
1 44 36
1 44 37
1 44 38
4 44 39
2 43 39
6 42 39
0 44 35
1 0 35
1 0 36
1 0 37
3 0 38
5 1 38
3 1 39
0 0 34
2 11 10
2 10 10
2 9 10
2 8 10
0 12 10
1 12 8
1 12 9
0 12 7
2 11 7
0 10 7
2 47 37
2 46 37
3 45 37
1 45 36
5 45 35
0 48 37
4 38 44
1 38 43
1 38 42
1 38 41
0 37 44
1 12 12
1 12 11
0 12 13
5 3 2
1 3 3
0 2 2
2 36 39
5 37 39
3 37 40
0 35 39
1 37 12
1 37 13
1 37 14
4 37 15
2 36 15
2 35 15
2 34 15
0 37 11
1 37 9
1 37 10
0 37 8
2 28 18
2 29 18
2 30 18
2 31 18
5 32 18
1 32 19
3 32 20
0 27 18
1 12 33
4 12 34
2 11 34
2 10 34
2 9 34
2 8 34
6 7 34
0 12 32
1 17 30
1 17 31
4 17 32
2 16 32
2 15 32
2 14 32
2 13 32
0 17 29
5 27 12
1 27 13
1 27 14
1 27 15
1 27 16
1 27 17
0 26 12
2 24 13
2 25 13
4 26 13
0 23 13
0 16 42
2 15 47
4 16 47
1 16 46
1 16 45
1 16 44
1 16 43
0 14 47
2 3 44
3 2 44
1 2 43
1 2 42
1 2 41
1 2 40
0 4 44
4 14 39
2 13 39
2 12 39
2 11 39
0 14 38
0 34 33
2 8 14
2 9 14
2 10 14
2 11 14
4 12 14
0 7 14
2 40 8
2 39 8
2 38 8
0 41 8
5 41 6
1 41 7
0 40 6
1 12 28
1 12 29
1 12 30
1 12 31
0 12 27
2 10 19
2 9 19
2 8 19
3 7 19
1 7 18
1 7 17
1 7 16
1 7 15
0 11 19
2 9 28
2 10 28
4 11 28
6 11 27
0 8 28
2 17 20
2 16 20
2 15 20
2 14 20
2 13 20
2 12 20
3 11 20
0 18 20
1 24 40
1 24 41
4 24 42
2 23 42
0 24 39
2 33 7
2 34 7
2 35 7
2 36 7
5 37 7
0 32 7
2 11 45
2 12 45
2 13 45
5 14 45
1 14 46
0 10 45
2 42 32
2 43 32
5 44 32
1 44 33
1 44 34
0 41 32
1 44 24
4 44 25
2 43 25
2 42 25
2 41 25
2 40 25
2 39 25
2 38 25
2 37 25
0 44 23
-1
-1
-1
-1
-1
-1
-1
-1
-1
-1
-1
-1
-1
-1
-1
-1
-1
-1
-1
-1
-1
-1
-1
-1
-1
-1
-1
-1
-1
-1
-1
-1
-1
-1
-1
-1
-1
-1
-1
-1
-1
-1
-1
-1
-1
-1
-1
-1
-1
-1
-1
-1
-1
-1
-1
-1
-1
-1
-1
-1
-1
-1
-1
-1
-1
-1
-1
-1
-1
-1
-1
-1
-1
-1
-1
-1
-1
-1
-1
-1
-1
-1
-1
-1
