# yaki_cnt = 27270
0 7 23
2 8 23
2 9 23
2 10 23
2 12 23
2 13 23
5 15 23
3 15 24
2 16 24
2 17 24
1 18 25
1 18 26
2 19 27
2 20 27
5 21 27
3 21 28
3 18 27
5 18 24
1 22 29
1 22 30
1 22 31
3 22 32
1 23 33
5 23 32
5 22 28
2 14 23
2 11 23
0 23 34
2 24 34
-1
2 25 34
-1
2 26 34
-1
2 28 34
2 29 34
-1
2 30 34
-1
2 31 34
-1
2 32 34
-1
2 27 34
2 35 34
-1
2 36 34
-1
5 37 34
-1
1 37 35
-1
3 37 36
2 34 34
-1
2 33 34
-1
-1
-1
-1
-1
-1
-1
-1
-1
-1
-1
-1
-1
-1
-1
-1
-1
-1
-1
-1
-1
-1
-1
-1
-1
-1
-1
-1
-1
-1
-1
-1
-1
-1
-1
-1
-1
-1
-1
-1
-1
-1
-1
-1
-1
-1
-1
-1
-1
-1
-1
-1
-1
-1
-1
-1
-1
-1
-1
-1
-1
-1
-1
-1
-1
-1
-1
-1
-1
-1
-1
-1
-1
-1
-1
-1
-1
-1
-1
-1
-1
-1
-1
-1
-1
-1
-1
-1
0 38 36
4 39 36
6 39 35
2 41 35
2 40 35
2 43 35
2 42 35
-1
-1
-1
-1
-1
-1
-1
-1
-1
-1
-1
-1
-1
-1
-1
-1
-1
0 44 35
-1
-1
-1
-1
-1
-1
-1
-1
-1
-1
-1
-1
-1
-1
0 11 23
1 38 35
1 38 34
1 38 33
-1
-1
-1
-1
-1
-1
-1
-1
0 38 32
6 7 22
2 8 22
4 9 22
1 9 21
1 9 20
-1
-1
-1
-1
0 9 19
1 38 31
1 38 30
1 38 28
1 38 27
1 38 26
6 38 25
1 38 29
0 39 25
5 39 24
2 38 24
2 37 24
2 36 24
3 35 24
5 35 23
3 34 23
1 34 21
1 34 20
1 34 19
1 34 22
0 34 18
1 44 34
1 44 33
1 44 32
6 44 31
0 45 31
1 44 36
1 44 37
3 44 38
-1
-1
0 45 38
1 38 37
1 38 38
3 38 39
5 39 39
-1
0 39 40
6 38 40
1 38 41
1 38 42
4 38 43
0 37 43
1 34 17
1 34 16
1 34 15
1 34 14
1 34 12
1 34 11
1 34 13
0 34 10
1 34 9
1 34 8
5 34 7
2 33 7
3 32 7
5 32 6
3 31 6
5 31 5
3 30 5
0 30 4
0 14 23
6 35 43
1 35 44
1 35 45
2 36 43
0 35 46
1 7 24
4 7 25
6 6 25
0 6 26
0 18 24
2 7 26
2 8 26
0 9 26
2 46 31
0 47 31
1 47 30
1 47 29
0 47 28
0 22 28
1 9 18
2 8 17
2 7 17
2 6 17
5 9 17
0 5 17
2 4 17
2 3 17
2 2 17
0 1 17
0 40 35
0 33 34
0 9 20
6 14 22
2 15 22
4 16 22
0 16 21
0 38 29
0 27 34
1 5 16
1 5 15
0 5 14
2 37 32
0 36 32
3 23 35
5 24 35
1 24 36
1 24 37
0 24 38
1 24 39
1 24 40
0 24 41
0 18 27
0 32 6
2 48 28
0 49 28
0 37 29
0 42 35
2 23 41
6 22 41
4 22 42
6 21 42
0 21 43
4 21 44
2 20 44
0 19 44
6 18 44
4 18 45
0 17 45
0 29 34
0 36 43
2 16 45
0 15 45
2 39 29
2 40 29
0 41 29
2 6 23
2 5 23
0 4 23
0 14 45
2 13 45
6 12 45
0 12 46
2 29 4
2 28 4
2 27 4
2 26 4
2 25 4
0 24 4
2 23 4
0 22 4
4 46 38
6 46 37
2 47 37
0 48 37
0 34 15
2 33 6
2 34 6
2 35 6
2 36 6
2 37 6
2 38 6
2 39 6
2 40 6
0 41 6
2 42 6
2 43 6
0 44 6
2 45 6
0 46 6
2 10 26
2 11 26
0 12 26
5 13 26
0 13 27
0 36 29
2 3 23
0 2 23
0 42 29
1 24 5
1 24 6
0 24 7
5 25 7
0 25 8
2 22 34
2 21 34
0 20 34
3 46 7
0 47 7
2 11 46
0 10 46
0 9 46
1 46 5
1 46 4
1 46 3
0 46 2
0 46 1
2 8 46
0 7 46
0 23 32
1 9 45
1 9 44
1 9 43
1 9 42
0 9 41
6 6 46
4 6 47
0 5 47
0 36 24
2 25 38
0 26 38
2 27 38
0 28 38
1 47 8
1 47 9
1 47 10
1 47 11
0 47 12
1 16 20
1 16 19
1 16 18
1 16 17
1 16 16
0 16 15
0 35 43
3 39 41
2 40 41
0 41 41
0 33 33
1 41 42
1 41 43
0 41 44
2 15 15
0 14 15
0 34 43
2 33 43
2 32 43
0 31 43
2 40 25
2 41 25
2 42 25
0 43 25
0 30 43
4 44 25
1 44 24
1 44 23
0 44 22
1 44 21
1 44 20
0 44 19
0 9 17
1 24 3
1 24 2
0 24 1
2 8 41
2 7 41
2 6 41
0 5 41
2 45 19
2 46 19
2 47 19
2 48 19
0 49 19
1 29 33
0 29 32
1 18 28
1 18 29
0 18 30
2 17 30
2 16 30
0 15 30
5 22 3
2 21 3
0 20 3
2 29 38
2 30 38
2 31 38
0 32 38
5 30 3
3 29 3
1 29 2
1 29 1
0 29 0
1 30 44
1 30 45
1 30 46
1 30 47
1 30 48
0 30 49
1 49 27
1 49 26
0 49 25
2 36 46
0 37 46
1 19 45
1 19 46
3 19 47
5 20 47
0 20 48
1 5 13
1 5 12
1 5 11
0 5 10
6 4 47
0 4 48
1 24 8
1 24 9
0 24 10
4 24 11
6 23 11
0 23 12
3 47 32
5 48 32
0 48 33
4 20 35
2 19 35
6 18 35
1 18 36
1 18 37
0 18 38
2 42 44
2 43 44
2 44 44
2 45 44
0 46 44
1 46 45
1 46 46
1 46 47
0 46 48
2 10 19
2 11 19
0 12 19
4 17 21
0 17 20
2 19 24
2 20 24
0 21 24
2 22 24
2 23 24
2 24 24
0 25 24
6 5 40
4 6 40
0 6 39
1 15 31
1 15 32
1 15 33
1 15 34
0 15 35
4 15 36
2 14 36
0 13 36
5 20 2
2 19 2
2 18 2
3 17 2
5 17 1
0 16 1
2 15 1
2 14 1
0 13 1
2 25 10
2 26 10
2 27 10
0 28 10
2 5 39
2 4 39
2 3 39
0 2 39
1 2 38
1 2 37
1 2 36
0 2 35
2 29 49
2 28 49
2 27 49
0 26 49
1 13 37
1 13 38
0 13 39
1 9 27
0 9 28
5 49 18
2 48 18
0 47 18
2 35 29
2 34 29
2 33 29
0 32 29
4 45 39
0 44 39
5 17 15
3 17 16
2 18 16
2 19 16
2 20 16
0 21 16
1 42 34
0 42 33
1 5 9
5 5 8
2 4 8
3 3 8
1 3 7
0 3 6
6 3 5
2 4 5
2 5 5
4 6 5
6 6 4
4 7 4
0 7 3
2 26 24
2 27 24
0 28 24
2 29 24
4 30 24
1 30 23
0 30 22
4 47 6
6 47 5
0 48 5
6 5 26
4 5 27
2 4 27
0 3 27
1 14 14
1 14 13
1 14 12
1 14 11
5 14 10
0 13 10
1 25 23
1 25 22
1 25 21
1 25 20
0 25 19
4 35 15
6 35 14
2 36 14
2 37 14
2 38 14
0 39 14
-1
-1
-1
-1
-1
-1
-1
-1
-1
-1
-1
-1
-1
-1
-1
-1
-1
-1
-1
-1
-1
-1
-1
-1
-1
-1
-1
-1
-1
-1
-1
-1
-1
-1
-1
-1
-1
-1
-1
-1
-1
-1
-1
-1
-1
-1
-1
-1
-1
-1
-1
-1
-1
-1
-1
-1
-1
-1
-1
-1
-1
-1
-1
-1
-1
-1
-1
-1
-1
-1
-1
-1
-1
-1
-1
-1
-1
-1
-1
-1
-1
-1
-1
-1
-1
-1
-1
-1
-1
-1
-1
-1
-1
-1
-1
-1
-1
-1
-1
-1
-1
-1
-1
-1
-1
-1
-1
-1
-1
-1
-1
-1
-1
-1
-1
-1
-1
-1
-1
-1
-1
-1
-1
-1
-1
-1
-1
-1
-1
-1
-1
-1
-1
-1
-1
-1
-1
-1
-1
-1
-1
-1
-1
-1
-1
-1
-1
-1
-1
-1
-1
