# 149388
# yaki_cnt = 1242630
# real_sz = 55
0 24 12
1 24 20
1 24 19
1 24 18
1 24 17
1 24 16
1 24 15
1 24 14
1 24 13
3 24 30
1 24 29
1 24 28
1 24 27
1 24 26
1 24 25
1 24 24
1 24 23
1 24 22
2 30 30
2 29 30
2 28 30
2 27 30
2 26 30
2 25 30
5 35 30
2 34 30
2 33 30
2 32 30
2 31 30
1 24 21
0 35 31
2 36 31
3 38 32
5 38 31
2 37 31
0 39 32
2 20 12
2 21 12
2 22 12
2 23 12
-1
-1
-1
-1
-1
-1
-1
-1
-1
-1
-1
-1
-1
-1
-1
-1
-1
-1
-1
-1
-1
-1
-1
-1
-1
-1
-1
-1
-1
-1
-1
-1
-1
-1
-1
-1
-1
-1
-1
-1
-1
-1
-1
-1
-1
-1
-1
-1
-1
-1
-1
-1
-1
-1
-1
-1
-1
0 19 12
5 42 33
2 41 33
2 40 33
3 39 33
-1
-1
-1
-1
-1
-1
-1
-1
-1
-1
-1
-1
-1
-1
-1
-1
-1
-1
-1
-1
-1
-1
-1
-1
-1
-1
-1
-1
-1
-1
-1
-1
-1
-1
0 42 34
2 9 12
2 10 12
2 11 12
2 12 12
2 13 12
2 14 12
2 15 12
2 16 12
2 17 12
2 18 12
-1
-1
-1
-1
-1
-1
-1
-1
-1
-1
-1
-1
-1
-1
-1
-1
-1
-1
-1
-1
-1
-1
0 8 12
2 34 33
4 35 33
1 35 32
1 33 34
6 33 33
-1
-1
-1
-1
-1
-1
-1
-1
-1
-1
-1
-1
-1
-1
-1
-1
-1
0 33 35
2 28 11
2 27 11
2 26 11
6 25 11
4 25 12
1 31 10
4 31 11
2 30 11
2 44 9
2 43 9
2 42 9
2 41 9
2 40 9
2 39 9
2 38 9
2 37 9
2 36 9
2 35 9
2 34 9
2 33 9
2 32 9
6 31 9
2 29 11
1 45 7
1 45 8
4 45 9
0 45 6
1 4 26
6 4 25
4 5 25
6 5 24
4 6 24
6 6 23
2 7 23
4 8 23
1 8 22
1 8 21
1 8 20
1 8 19
1 8 18
1 8 17
1 8 16
1 8 15
1 8 14
1 8 13
1 4 28
1 4 27
0 4 29
2 5 29
5 8 32
3 7 32
5 7 31
3 6 31
1 6 30
5 6 29
-1
0 8 33
6 14 30
1 14 31
4 14 32
2 13 32
6 12 32
4 12 33
2 11 33
2 10 33
2 9 33
2 18 30
2 17 30
2 16 30
6 19 29
4 19 30
2 15 30
0 20 29
-1
-1
-1
-1
-1
0 45 9
2 44 6
-1
-1
-1
-1
-1
-1
0 43 6
2 10 7
6 9 7
4 9 8
6 8 8
1 8 9
1 8 10
1 8 11
0 11 7
2 14 3
6 13 3
1 13 4
1 13 5
4 13 6
2 12 6
6 11 6
0 15 3
1 39 26
1 39 27
1 39 28
1 39 29
1 39 30
1 39 31
-1
0 39 25
1 8 35
1 8 34
1 8 38
1 8 37
2 11 41
3 10 41
1 10 40
5 10 39
2 9 39
3 8 39
1 8 36
0 12 41
0 4 27
2 35 37
3 34 37
1 34 36
5 34 35
-1
0 36 37
2 14 28
2 15 28
2 16 28
2 17 28
2 18 28
2 19 28
5 20 28
0 13 28
1 24 8
1 24 9
1 24 10
1 24 11
0 24 7
-1
-1
-1
0 6 29
-1
-1
-1
-1
0 15 30
-1
-1
-1
-1
0 33 33
-1
-1
-1
-1
0 19 30
-1
-1
-1
0 8 36
-1
-1
-1
-1
0 24 21
-1
-1
-1
-1
0 31 30
6 19 9
1 19 10
1 19 11
0 20 9
-1
-1
-1
-1
0 8 39
2 22 21
2 23 21
-1
0 21 21
-1
-1
-1
0 37 31
2 47 9
2 46 9
-1
0 48 9
-1
-1
-1
0 8 13
1 37 29
1 37 30
-1
0 37 28
-1
-1
-1
0 29 11
-1
-1
-1
0 31 9
3 41 28
1 41 27
1 41 26
5 41 25
2 40 25
0 42 28
1 12 44
1 12 43
1 12 42
0 12 45
4 20 23
1 20 22
6 20 21
0 19 23
3 3 39
2 4 39
2 5 39
2 6 39
2 7 39
0 3 38
1 2 39
6 2 38
0 2 40
0 25 30
3 30 13
5 30 12
3 29 12
0 31 13
5 11 18
2 10 18
3 9 18
1 9 17
1 9 16
1 9 15
1 9 14
5 9 13
0 11 19
4 17 2
6 16 2
4 16 3
0 17 1
1 45 16
1 45 15
1 45 14
1 45 13
1 45 12
1 45 11
1 45 10
0 45 17
1 45 18
0 45 19
2 43 34
0 44 34
6 29 37
2 30 37
2 31 37
4 32 37
1 32 36
6 32 35
0 29 38
2 47 34
2 46 34
2 45 34
0 48 34
1 36 47
1 36 46
1 36 45
1 36 44
1 36 43
1 36 42
1 36 41
1 36 40
1 36 39
1 36 38
0 36 48
1 42 4
1 42 5
3 42 6
0 42 3
2 40 48
2 39 48
2 38 48
2 37 48
0 41 48
2 38 20
5 39 20
1 39 21
1 39 22
1 39 23
1 39 24
0 37 20
-1
-1
-1
-1
-1
-1
-1
-1
-1
-1
-1
-1
-1
-1
-1
-1
-1
-1
-1
-1
-1
-1
-1
-1
-1
-1
-1
-1
-1
-1
-1
-1
-1
-1
-1
-1
-1
-1
-1
-1
-1
-1
-1
-1
-1
-1
-1
-1
-1
-1
-1
-1
-1
-1
-1
-1
-1
-1
-1
-1
-1
-1
-1
-1
-1
-1
-1
-1
-1
-1
-1
-1
-1
-1
-1
-1
-1
-1
-1
-1
-1
-1
-1
-1
-1
-1
-1
-1
-1
-1
-1
-1
-1
-1
-1
-1
-1
-1
-1
-1
-1
-1
-1
-1
-1
-1
-1
-1
-1
-1
-1
-1
-1
-1
-1
-1
-1
-1
-1
-1
-1
-1
-1
-1
-1
-1
-1
-1
-1
-1
-1
-1
-1
-1
-1
-1
-1
-1
-1
-1
-1
-1
-1
-1
-1
-1
-1
-1
-1
-1
-1
-1
-1
-1
-1
-1
-1
-1
-1
-1
-1
-1
-1
-1
-1
-1
-1
-1
-1
-1
-1
-1
-1
-1
-1
-1
-1
-1
-1
-1
-1
-1
-1
-1
-1
-1
-1
-1
-1
-1
-1
-1
-1
-1
-1
-1
-1
-1
-1
-1
-1
-1
-1
-1
-1
-1
-1
-1
-1
-1
-1
-1
-1
-1
-1
-1
-1
-1
-1
-1
-1
-1
-1
-1
-1
-1
-1
-1
-1
-1
-1
-1
-1
-1
-1
-1
-1
-1
-1
-1
-1
-1
-1
-1
-1
-1
-1
-1
-1
-1
-1
-1
-1
-1
-1
-1
-1
-1
-1
-1
-1
-1
-1
-1
-1
-1
-1
-1
-1
-1
-1
-1
-1
-1
-1
-1
-1
-1
-1
-1
-1
-1
-1
-1
-1
-1
-1
-1
-1
-1
-1
-1
-1
-1
-1
-1
-1
-1
-1
-1
-1
-1
-1
