0 18 45
1 18 43
1 18 44
2 20 42
2 19 42
1 24 41
4 24 42
2 23 42
2 22 42
1 24 32
1 24 33
1 24 34
1 24 35
1 24 36
1 24 37
1 24 38
1 24 39
1 24 40
2 21 42
4 32 31
2 31 31
2 30 31
2 29 31
2 28 31
2 27 31
2 26 31
2 25 31
6 24 31
6 18 42
1 34 23
1 34 24
1 34 25
1 34 26
1 34 27
1 34 28
1 34 29
4 34 30
2 33 30
6 32 30
4 38 22
2 37 22
2 36 22
2 35 22
1 39 17
1 39 18
1 39 19
1 39 20
4 39 21
6 38 21
6 34 22
1 43 14
4 43 15
2 42 15
2 41 15
2 40 15
6 39 15
1 39 16
0 43 13
1 44 15
1 44 14
5 44 13
2 45 19
3 44 19
1 44 18
1 44 17
1 44 16
-1
-1
-1
-1
-1
-1
-1
-1
-1
-1
-1
-1
0 46 19
1 17 42
1 17 43
1 17 44
3 17 45
2 13 33
2 14 33
2 15 33
2 16 33
5 17 33
1 17 34
1 17 35
1 17 36
1 17 37
1 17 38
1 17 39
1 17 40
2 11 32
5 12 32
3 12 33
1 17 41
5 10 28
1 10 29
1 10 30
1 10 31
3 10 32
-1
-1
-1
-1
-1
-1
-1
-1
-1
-1
-1
-1
-1
-1
-1
-1
-1
-1
-1
0 9 28
2 5 28
2 6 28
2 7 28
2 8 28
-1
-1
-1
-1
-1
-1
-1
-1
-1
-1
-1
-1
-1
-1
-1
-1
0 4 28
1 10 21
1 10 22
1 10 23
1 10 24
1 10 25
1 10 26
4 10 27
6 9 27
1 11 16
1 11 17
1 11 18
1 11 19
4 11 20
6 10 20
1 12 14
4 12 15
1 16 9
1 16 10
1 16 11
1 16 12
4 16 13
2 15 13
2 14 13
2 13 13
6 12 13
6 11 15
0 16 8
2 24 46
2 23 46
2 22 46
2 21 46
2 20 46
2 19 46
3 18 46
0 25 46
-1
-1
-1
-1
-1
-1
-1
-1
-1
0 39 16
3 46 25
1 46 24
1 46 23
1 46 22
1 46 21
1 46 20
-1
-1
0 47 25
2 18 10
3 17 10
1 17 9
5 17 8
-1
-1
-1
0 19 10
-1
-1
-1
-1
-1
0 34 22
2 5 37
3 4 37
1 4 36
1 4 35
1 4 34
1 4 33
1 4 32
1 4 31
1 4 30
1 4 29
1 6 43
1 6 42
1 6 41
1 6 40
1 6 39
1 6 38
5 6 37
0 6 44
0 32 30
1 47 31
1 47 30
1 47 29
1 47 28
1 47 27
1 47 26
4 47 36
1 47 35
1 47 34
1 47 33
1 47 32
0 46 36
2 34 16
2 35 16
2 36 16
2 37 16
2 38 16
0 33 16
3 6 48
1 6 47
1 6 46
1 6 45
0 7 48
2 21 17
2 20 17
3 19 17
1 19 16
1 19 15
1 19 14
1 19 13
1 19 12
1 19 11
1 22 19
1 22 18
5 22 17
0 22 20
2 41 19
3 40 19
1 40 18
1 40 17
5 40 16
3 42 22
1 42 21
1 42 20
5 42 19
0 43 22
0 18 42
0 24 31
2 42 37
2 43 37
2 44 37
2 45 37
4 46 37
0 41 37
1 43 12
2 40 5
2 41 5
2 42 5
5 43 5
1 43 6
1 43 7
1 43 8
1 43 9
1 43 10
1 43 11
0 39 5
0 44 16
1 33 12
1 33 13
1 33 14
1 33 15
2 35 11
2 34 11
6 33 11
0 36 11
0 11 15
0 38 21
2 10 48
2 9 48
2 8 48
0 11 48
2 14 20
2 15 20
2 16 20
2 17 20
2 18 20
2 19 20
2 20 20
2 21 20
0 13 20
2 28 46
2 27 46
2 26 46
0 29 46
2 42 25
4 43 25
1 43 24
1 43 23
2 39 27
2 40 27
4 41 27
1 41 26
6 41 25
0 38 27
1 13 24
1 13 23
1 13 22
1 13 21
1 13 26
1 13 25
0 13 27
1 17 25
1 17 26
4 17 27
2 16 27
2 15 27
2 14 27
0 17 24
0 6 37
4 9 32
1 9 31
1 9 30
1 9 29
0 8 32
5 38 24
1 38 25
1 38 26
0 37 24
0 10 32
6 16 7
0 17 7
2 25 20
2 24 20
2 23 20
0 26 20
0 41 25
2 30 15
2 31 15
5 32 15
3 32 16
0 29 15
2 47 16
2 46 16
2 45 16
0 48 16
2 7 44
0 8 44
4 29 17
1 29 16
0 28 17
2 45 33
5 46 33
1 46 34
1 46 35
0 44 33
5 41 34
1 41 35
1 41 36
0 40 34
1 45 30
1 45 31
4 45 32
6 44 32
0 45 29
2 29 20
2 28 20
2 27 20
0 30 20
0 21 42
4 30 23
1 30 22
1 30 21
0 29 23
0 47 32
2 14 48
2 13 48
2 12 48
0 15 48
2 38 32
2 39 32
5 40 32
1 40 33
0 37 32
2 36 32
0 35 32
2 31 32
2 32 32
2 33 32
2 34 32
0 30 32
1 30 34
1 30 33
0 30 35
1 48 13
1 48 14
1 48 15
0 48 12
2 20 24
2 19 24
2 18 24
0 21 24
2 30 25
3 29 25
1 29 24
0 31 25
2 32 35
2 31 35
0 33 35
2 30 28
4 31 28
1 31 27
1 31 26
0 29 28
2 35 18
2 34 18
3 33 18
1 33 17
0 36 18
2 45 11
2 46 11
2 47 11
5 48 11
0 44 11
0 17 41
3 41 40
1 41 39
1 41 38
0 42 40
0 22 17
0 24 40
2 26 40
2 25 40
0 27 40
2 38 40
2 39 40
4 40 40
1 40 39
1 40 38
6 40 37
0 37 40
2 43 29
2 44 29
0 42 29
2 18 19
2 17 19
2 16 19
2 15 19
2 14 19
6 13 19
0 19 19
2 9 16
4 10 16
6 10 15
0 8 16
2 17 17
5 18 17
3 18 18
5 19 18
0 16 17
4 5 45
6 5 44
0 4 45
0 43 11
2 23 47
2 24 47
4 25 47
0 22 47
0 12 33
2 36 39
5 37 39
0 35 39
2 14 31
3 13 31
1 13 30
1 13 29
1 13 28
0 15 31
1 48 23
1 48 24
4 48 25
0 48 22
1 4 23
1 4 24
1 4 25
1 4 26
1 4 27
0 4 22
1 35 30
1 35 31
0 35 29
2 3 48
4 4 48
1 4 47
1 4 46
0 2 48
2 26 14
2 27 14
2 28 14
5 29 14
0 25 14
2 7 24
2 6 24
3 5 24
1 5 23
5 5 22
0 8 24
0 13 25
2 34 8
2 35 8
5 36 8
1 36 9
1 36 10
0 33 8
0 33 11
2 13 5
2 14 5
5 15 5
1 15 6
1 15 7
3 15 8
0 12 5
5 15 44
1 15 45
1 15 46
1 15 47
0 14 44
5 12 3
1 12 4
0 11 3
1 17 22
1 17 23
0 17 21
2 11 9
4 12 9
1 12 8
1 12 7
1 12 6
0 10 9
1 47 8
1 47 9
4 47 10
2 46 10
2 45 10
6 44 10
0 47 7
2 2 14
2 3 14
2 4 14
2 5 14
2 6 14
2 7 14
5 8 14
1 8 15
0 1 14
1 10 35
1 10 34
1 10 33
0 10 36
2 46 6
5 47 6
0 45 6
2 22 30
2 23 30
5 24 30
0 21 30
0 12 13
1 18 15
4 18 16
2 17 16
6 16 16
0 18 14
1 1 8
1 1 9
1 1 10
1 1 11
1 1 12
1 1 13
0 1 7
1 1 6
0 1 5
4 3 36
1 3 35
1 3 34
1 3 33
1 3 32
1 3 31
1 3 30
1 3 29
6 3 28
0 2 36
1 25 12
1 25 13
0 25 11
1 11 43
4 11 44
2 10 44
2 9 44
0 11 42
2 27 35
2 28 35
2 29 35
0 26 35
1 17 29
1 17 30
4 17 31
2 16 31
0 17 28
1 18 34
1 18 33
5 18 32
2 17 32
2 16 32
3 15 32
0 18 35
3 22 22
1 22 21
0 23 22
2 30 41
2 29 41
2 28 41
3 27 41
0 31 41
0 18 46
0 10 20
0 42 19
1 46 3
1 46 4
4 46 5
6 45 5
0 46 2
4 36 15
1 36 14
1 36 13
1 36 12
0 35 15
-1
-1
-1
-1
-1
-1
-1
-1
-1
-1
-1
-1
-1
-1
-1
-1
-1
-1
-1
-1
-1
-1
-1
-1
-1
-1
-1
-1
-1
-1
-1
-1
-1
-1
-1
-1
-1
-1
-1
-1
-1
-1
-1
-1
-1
-1
-1
-1
-1
-1
-1
-1
-1
-1
-1
-1
-1
-1
-1
-1
-1
-1
-1
-1
-1
-1
-1
-1
-1
-1
-1
-1
-1
-1
-1
-1
-1
-1
-1
-1
-1
-1
-1
-1
-1
-1
-1
-1
-1
-1
-1
-1
-1
-1
-1
-1
-1
-1
-1
-1
-1
-1
-1
-1
-1
-1
-1
-1
-1
-1
-1
-1
-1
-1
-1
-1
-1
-1
-1
-1
-1
-1
-1
-1
-1
-1
-1
-1
-1
-1
-1
-1
-1
