0 21 14
2 22 15
3 21 15
2 30 15
2 29 15
2 28 15
2 27 15
2 26 15
2 25 15
2 24 15
2 44 16
2 43 16
2 42 16
2 41 16
2 40 16
2 39 16
2 38 16
2 37 16
2 36 16
2 35 16
2 34 16
2 33 16
2 32 16
3 31 16
5 31 15
2 46 19
3 45 19
1 45 18
1 45 17
5 45 16
2 23 15
1 47 24
1 47 23
1 47 22
1 47 21
1 47 20
5 47 19
0 47 25
1 20 28
1 20 27
1 20 26
1 20 25
1 20 24
1 20 23
1 20 22
1 20 21
1 20 20
1 20 19
1 20 18
1 20 17
1 20 16
1 20 15
6 20 14
1 20 33
1 20 32
1 20 31
1 20 30
1 20 29
2 6 34
2 7 34
2 8 34
2 9 34
2 10 34
2 11 34
2 12 34
2 13 34
2 14 34
2 15 34
2 16 34
2 17 34
2 18 34
2 19 34
4 20 34
-1
-1
-1
-1
-1
-1
-1
-1
-1
-1
-1
-1
-1
-1
-1
-1
-1
0 5 34
-1
-1
-1
-1
-1
-1
-1
-1
-1
-1
-1
-1
-1
-1
-1
-1
-1
-1
-1
-1
-1
-1
-1
-1
-1
-1
-1
-1
-1
-1
-1
-1
-1
-1
-1
-1
-1
-1
0 47 19
2 15 38
2 14 38
2 13 38
2 12 38
2 11 38
2 10 38
2 9 38
2 8 38
2 7 38
2 6 38
3 5 38
1 5 37
1 5 36
1 5 35
2 19 38
2 18 38
2 17 38
2 16 38
2 24 43
2 23 43
2 22 43
2 21 43
3 20 43
1 20 42
1 20 41
1 20 40
1 20 39
5 20 38
-1
-1
-1
-1
-1
-1
-1
-1
-1
-1
-1
-1
-1
0 25 43
2 45 26
2 46 26
4 47 26
-1
-1
-1
-1
-1
-1
-1
-1
-1
-1
-1
-1
-1
-1
-1
-1
-1
-1
-1
0 44 26
-1
-1
-1
-1
-1
-1
-1
-1
-1
-1
-1
-1
-1
-1
-1
-1
-1
-1
0 20 34
1 21 11
1 21 12
1 21 13
2 30 10
2 29 10
2 28 10
2 27 10
2 26 10
2 25 10
2 24 10
2 23 10
2 22 10
6 21 10
-1
-1
-1
-1
-1
-1
-1
0 31 10
1 45 23
1 45 24
4 45 25
6 44 25
-1
-1
-1
-1
-1
-1
-1
-1
-1
-1
-1
-1
0 45 22
-1
-1
-1
-1
-1
-1
-1
-1
-1
-1
-1
-1
-1
0 21 10
2 19 10
2 20 10
1 18 7
1 18 8
1 18 9
3 18 10
-1
-1
-1
-1
-1
-1
-1
0 18 6
6 5 33
4 10 33
2 9 33
2 8 33
2 7 33
1 10 28
1 10 29
1 10 30
1 10 31
1 10 32
2 6 33
-1
0 10 27
5 45 21
2 29 21
2 30 21
2 31 21
2 32 21
2 33 21
2 34 21
2 35 21
2 36 21
2 37 21
2 38 21
2 39 21
2 40 21
2 41 21
2 42 21
2 43 21
2 44 21
0 28 21
2 9 25
5 10 25
1 10 26
-1
-1
0 8 25
2 21 6
2 20 6
2 19 6
-1
-1
-1
-1
-1
-1
0 22 6
1 21 30
1 21 31
1 21 32
1 21 33
4 21 34
-1
-1
-1
0 21 29
1 44 32
1 44 31
1 44 30
1 44 29
1 44 28
1 44 27
3 44 33
-1
0 45 33
1 45 38
1 45 37
1 45 36
1 45 35
1 45 34
-1
-1
0 45 39
2 41 43
2 42 43
2 43 43
2 44 43
4 45 43
1 45 42
1 45 41
1 45 40
0 40 43
2 7 25
2 1 26
2 2 26
2 3 26
2 4 26
2 5 26
4 6 26
6 6 25
0 0 26
2 41 31
2 42 31
4 43 31
1 43 30
1 43 29
1 43 28
1 43 27
6 43 26
0 40 31
-1
-1
-1
0 6 33
2 45 3
2 46 3
5 47 3
1 47 4
1 47 5
1 47 6
1 47 7
1 47 8
1 47 9
1 47 10
1 47 11
1 47 12
1 47 13
1 47 14
1 47 15
1 47 16
1 47 17
1 47 18
0 44 3
0 18 10
1 40 32
2 37 34
2 38 34
2 39 34
4 40 34
1 40 33
0 36 34
0 48 25
1 0 21
1 0 22
1 0 23
1 0 24
1 0 25
0 0 20
-1
-1
-1
0 23 15
1 28 24
1 28 23
1 28 22
-1
0 28 25
-1
-1
-1
-1
0 44 21
2 14 45
2 15 45
2 16 45
2 17 45
2 18 45
2 19 45
2 20 45
2 21 45
2 22 45
2 23 45
2 24 45
4 25 45
1 25 44
0 13 45
2 33 25
2 32 25
2 31 25
2 30 25
2 29 25
2 34 25
0 35 25
2 2 34
2 3 34
2 4 34
0 1 34
2 13 12
2 14 12
2 15 12
2 16 12
2 17 12
4 18 12
1 18 11
0 12 12
2 41 48
3 40 48
1 40 47
1 40 46
1 40 45
1 40 44
0 42 48
0 20 29
2 42 6
2 43 6
4 44 6
1 44 5
1 44 4
0 41 6
1 36 23
1 36 24
4 36 25
6 36 22
0 37 22
1 22 2
1 22 3
1 22 4
1 22 5
0 22 1
2 10 6
2 11 6
5 12 6
1 12 7
1 12 8
1 12 9
1 12 10
1 12 11
0 9 6
0 20 38
0 4 34
0 40 33
2 46 33
0 47 33
3 26 44
5 26 43
0 27 44
0 45 16
1 28 30
1 28 29
1 28 28
1 28 27
1 28 26
0 28 31
0 16 38
0 44 33
0 6 25
2 30 22
2 31 22
2 32 22
2 33 22
2 34 22
5 35 22
1 35 23
1 35 24
0 29 22
4 46 48
2 45 48
2 44 48
2 43 48
0 46 47
-1
-1
-1
-1
-1
-1
-1
-1
-1
-1
-1
-1
-1
-1
-1
-1
-1
-1
-1
-1
-1
-1
-1
-1
-1
-1
-1
-1
-1
-1
-1
-1
-1
-1
-1
-1
-1
-1
-1
-1
-1
-1
-1
-1
-1
-1
-1
-1
-1
-1
-1
-1
-1
-1
-1
-1
-1
-1
-1
-1
-1
-1
-1
-1
-1
-1
-1
-1
-1
-1
-1
-1
-1
-1
-1
-1
-1
-1
-1
-1
-1
-1
-1
-1
-1
-1
-1
-1
-1
-1
-1
-1
-1
-1
-1
-1
-1
-1
-1
-1
-1
-1
-1
-1
-1
-1
-1
-1
-1
-1
-1
-1
-1
-1
-1
-1
-1
-1
-1
-1
-1
-1
-1
-1
-1
-1
-1
-1
-1
-1
-1
-1
-1
-1
-1
-1
-1
-1
-1
-1
-1
-1
-1
-1
-1
-1
-1
-1
-1
-1
-1
-1
-1
-1
-1
-1
-1
-1
-1
-1
-1
-1
-1
-1
-1
-1
-1
-1
-1
-1
-1
-1
-1
-1
-1
-1
-1
-1
-1
-1
-1
-1
-1
-1
-1
-1
-1
-1
-1
-1
-1
-1
-1
-1
-1
-1
-1
-1
-1
-1
-1
-1
-1
-1
-1
-1
-1
-1
-1
-1
-1
-1
-1
-1
-1
-1
-1
-1
-1
-1
-1
-1
-1
-1
-1
-1
-1
-1
-1
-1
-1
-1
-1
-1
-1
-1
-1
-1
-1
-1
-1
-1
-1
-1
-1
-1
-1
-1
-1
-1
-1
-1
-1
-1
-1
-1
-1
-1
-1
-1
-1
-1
-1
-1
-1
-1
-1
-1
-1
-1
