# yaki_cnt = 18540
0 6 35
2 7 35
2 8 35
2 9 35
2 10 35
2 11 35
2 13 35
2 14 35
2 15 35
2 16 35
2 17 35
4 18 35
6 18 34
2 12 35
2 20 34
2 21 34
2 22 34
2 23 34
2 24 34
2 25 34
2 26 34
2 19 34
1 27 33
1 27 32
1 27 31
2 28 30
2 29 30
2 30 30
4 31 30
1 31 29
2 32 28
2 33 28
2 34 28
2 35 28
6 31 28
6 36 27
2 37 27
2 38 27
2 39 27
2 40 27
4 36 28
6 27 30
1 41 26
1 41 25
1 41 24
4 41 27
1 41 22
1 41 21
1 41 20
1 41 19
1 41 18
2 42 17
2 44 17
4 45 17
2 46 16
6 45 16
2 43 17
6 41 17
1 41 23
4 27 34
0 47 16
1 6 36
1 6 37
1 6 38
1 6 40
1 6 39
1 6 43
1 6 44
1 6 42
1 6 41
2 5 45
6 4 45
4 6 45
-1
0 4 46
-1
-1
-1
-1
-1
-1
-1
-1
-1
-1
-1
-1
-1
-1
-1
-1
-1
0 27 34
3 3 46
1 3 45
5 3 44
3 2 44
1 2 42
1 2 41
1 2 43
-1
-1
-1
-1
-1
-1
-1
-1
0 2 40
-1
-1
-1
-1
-1
-1
-1
-1
-1
-1
0 41 23
5 47 15
2 46 15
2 45 15
2 44 15
2 43 15
2 42 15
2 41 15
2 40 15
2 39 15
2 38 15
2 37 15
0 36 15
2 35 15
2 34 15
2 32 15
2 31 15
2 30 15
2 29 15
5 28 14
3 27 14
3 28 15
2 26 13
2 25 13
2 24 13
5 27 13
2 33 15
0 23 13
2 5 35
2 4 35
2 2 35
2 3 35
0 1 35
1 36 14
1 36 13
6 36 12
2 37 12
2 38 12
4 40 12
6 40 11
2 41 11
4 42 11
2 39 12
0 42 10
0 41 17
6 1 34
4 2 34
1 2 32
1 2 31
1 2 33
0 2 30
1 42 9
1 42 8
2 41 7
2 40 7
2 39 7
2 38 7
5 42 7
3 37 7
0 37 6
0 41 27
1 6 34
6 6 33
2 7 33
2 8 33
0 9 33
2 36 6
2 35 6
2 34 6
0 33 6
0 6 45
0 6 41
2 7 41
2 8 41
2 9 41
0 10 41
2 42 27
2 43 27
2 44 27
0 45 27
0 23 12
0 36 28
2 22 12
2 21 12
2 20 12
2 19 12
2 18 12
0 17 12
0 6 38
0 37 7
2 7 45
2 8 45
0 9 45
0 18 12
2 3 30
2 4 30
0 5 30
2 46 27
0 47 27
0 33 15
0 19 34
0 2 33
4 47 17
6 46 17
1 46 18
0 46 19
1 19 35
0 19 36
0 2 43
1 9 46
0 9 47
2 6 30
4 7 30
0 7 29
0 37 8
0 31 28
0 27 30
1 17 13
4 17 14
2 16 14
2 15 14
0 14 14
3 41 28
5 42 28
0 42 29
0 42 7
1 7 28
1 7 27
1 7 26
0 7 25
6 7 24
4 8 24
0 8 23
2 9 23
2 10 23
4 11 23
6 11 22
0 12 22
0 12 21
3 32 6
5 32 5
3 31 5
1 31 4
0 31 3
2 30 3
2 29 3
0 28 3
2 27 3
2 26 3
2 25 3
0 24 3
2 13 14
2 12 14
2 11 14
2 10 14
2 9 14
2 8 14
2 7 14
0 6 14
1 47 26
0 47 25
1 6 13
1 6 12
5 6 11
0 5 11
0 5 10
0 42 30
1 6 15
1 6 16
0 6 17
0 3 35
0 30 15
0 43 17
0 27 13
0 36 12
0 39 12
1 42 31
1 42 32
1 42 33
0 42 34
2 41 34
2 40 34
2 39 34
0 38 34
0 1 43
0 37 34
0 46 15
0 31 30
1 37 35
1 37 36
1 37 37
0 37 38
0 36 27
2 10 47
2 11 47
0 12 47
1 36 26
0 36 25
1 36 24
1 36 23
5 36 22
0 35 22
6 46 14
4 47 14
1 47 13
1 47 12
0 47 11
2 4 11
2 3 11
0 2 11
0 12 35
1 47 28
1 47 29
0 47 30
5 19 33
3 18 33
5 18 32
3 17 32
0 17 31
1 1 44
1 1 45
1 1 46
1 1 47
0 1 48
1 37 5
1 37 4
1 37 3
1 37 2
0 37 1
1 5 9
1 5 8
0 5 7
1 5 6
1 5 5
0 5 4
2 6 4
0 7 4
1 7 3
1 7 2
0 7 1
1 19 37
1 19 38
0 19 39
1 12 23
1 12 24
0 12 25
1 35 21
0 35 20
1 23 14
1 23 15
1 23 16
0 23 17
2 8 4
2 9 4
2 10 4
2 11 4
2 12 4
0 13 4
2 7 23
2 6 23
0 5 23
2 4 23
2 3 23
0 2 23
0 25 34
2 13 22
2 14 22
2 15 22
0 16 22
0 13 5
1 23 18
1 23 19
3 23 20
0 24 20
2 25 20
0 26 20
0 7 38
2 27 20
2 28 20
0 29 20
4 24 4
0 23 4
2 17 22
2 18 22
0 19 22
1 17 30
1 17 29
1 17 28
6 17 27
0 18 27
4 19 27
6 19 26
2 20 26
2 21 26
0 22 26
4 28 13
1 28 12
0 28 11
2 36 38
2 35 38
0 34 38
2 36 20
2 37 20
0 38 20
1 47 31
0 47 32
1 1 36
1 1 37
0 1 38
1 33 16
1 33 17
0 33 18
1 6 46
0 6 47
1 42 6
6 42 5
0 43 5
1 37 39
1 37 40
1 37 41
1 37 42
0 37 43
0 18 39
0 36 43
0 47 19
1 18 40
1 18 41
1 18 42
4 18 43
0 17 43
3 17 44
2 18 44
2 19 44
0 20 44
0 31 31
0 41 21
2 42 21
0 43 21
1 27 29
1 27 28
1 27 27
0 27 26
0 26 34
0 31 27
1 12 20
0 12 19
2 4 4
2 3 4
2 2 4
0 1 4
0 46 25
2 22 4
2 21 4
2 20 4
0 19 4
1 19 3
0 19 2
1 5 31
0 5 32
1 18 13
1 18 14
1 18 15
0 18 16
1 47 24
0 47 23
2 33 38
2 32 38
0 31 38
1 31 39
1 31 40
0 31 41
2 6 10
2 7 10
2 8 10
0 9 10
1 2 29
0 2 28
6 41 30
0 41 31
0 10 45
2 38 38
2 39 38
2 40 38
0 41 38
1 2 12
1 2 13
0 2 14
0 14 35
2 7 17
2 8 17
0 9 17
1 31 26
1 31 25
0 31 24
2 18 2
2 17 2
0 16 2
1 31 32
0 31 33
5 18 26
2 17 26
6 16 26
0 16 27
0 15 27
1 23 11
6 23 10
2 24 10
4 25 10
0 25 9
1 43 4
1 43 3
0 43 2
2 44 2
2 45 2
2 46 2
0 47 2
2 24 9
2 23 9
2 22 9
0 21 9
6 20 43
2 21 43
2 22 43
4 23 43
0 23 42
2 42 38
0 43 38
2 29 11
2 30 11
2 31 11
0 32 11
1 13 6
0 13 7
1 25 33
5 25 32
3 24 32
5 24 31
0 23 31
1 47 3
1 47 4
1 47 5
0 47 6
1 26 35
1 26 36
1 26 37
0 26 38
0 41 24
3 18 17
5 19 17
0 19 18
2 16 31
2 15 31
2 14 31
0 13 31
3 12 48
2 13 48
0 14 48
5 2 22
3 1 22
5 1 21
0 0 21
3 37 44
5 38 44
1 38 45
1 38 46
0 38 47
4 32 3
1 32 2
1 32 1
0 32 0
3 43 39
2 44 39
2 45 39
2 46 39
0 47 39
-1
-1
-1
-1
-1
-1
-1
-1
-1
-1
-1
-1
-1
-1
-1
-1
-1
-1
-1
-1
-1
-1
-1
-1
-1
-1
-1
-1
-1
-1
-1
-1
-1
-1
-1
-1
-1
-1
-1
-1
-1
-1
-1
-1
-1
-1
-1
-1
-1
-1
-1
-1
-1
-1
-1
-1
-1
-1
-1
-1
-1
-1
-1
-1
-1
-1
-1
-1
-1
-1
-1
-1
-1
-1
-1
-1
-1
-1
-1
-1
-1
-1
-1
-1
-1
-1
-1
-1
-1
-1
-1
-1
-1
-1
-1
-1
-1
-1
-1
-1
-1
-1
-1
-1
-1
-1
-1
-1
-1
-1
-1
-1
-1
-1
-1
-1
-1
-1
-1
-1
-1
-1
-1
-1
-1
-1
-1
-1
-1
-1
-1
-1
-1
-1
-1
-1
-1
-1
-1
-1
-1
-1
-1
-1
-1
-1
-1
-1
-1
-1
-1
-1
-1
-1
-1
-1
-1
-1
-1
-1
-1
-1
-1
-1
-1
-1
-1
-1
-1
-1
-1
-1
-1
-1
-1
-1
-1
-1
-1
-1
-1
-1
-1
-1
-1
-1
-1
-1
-1
-1
-1
-1
-1
-1
-1
-1
-1
-1
-1
-1
-1
-1
-1
-1
-1
-1
