# start_size = 145
# yaki_cnt = 36810
# end_size = 208
0 18 2
1 18 9
1 18 8
1 18 7
1 18 6
1 18 5
1 18 4
1 18 3
1 18 14
1 18 13
1 18 12
1 18 11
1 18 10
1 18 28
1 18 27
1 18 26
1 18 25
1 18 24
1 18 23
1 18 22
1 18 21
1 18 20
1 18 19
1 18 18
1 18 17
1 18 16
1 18 37
1 18 36
1 18 35
1 18 34
1 18 33
1 18 32
1 18 31
1 18 30
1 18 29
1 18 15
0 18 38
2 21 38
2 20 38
2 19 38
5 24 38
2 23 38
2 27 39
2 26 39
2 25 39
2 28 39
3 24 39
2 22 38
0 29 39
2 16 2
2 17 2
-1
-1
-1
-1
-1
-1
-1
0 15 2
2 32 38
2 31 38
2 30 38
6 29 38
-1
-1
-1
0 33 38
-1
-1
-1
-1
-1
0 22 38
1 18 40
1 18 39
2 19 41
3 18 41
0 20 41
2 20 2
2 19 2
2 25 2
2 24 2
2 23 2
2 22 2
2 26 2
5 33 2
2 32 2
2 31 2
2 30 2
2 29 2
2 28 2
2 27 2
2 21 2
0 33 3
2 36 3
2 35 3
2 34 3
0 37 3
0 18 41
1 37 4
2 39 5
2 38 5
3 37 5
0 40 5
3 40 8
1 40 7
1 40 6
0 41 8
2 43 8
2 42 8
0 44 8
5 47 8
2 46 8
2 45 8
0 47 9
1 29 40
0 29 41
1 48 10
5 48 9
0 48 11
2 17 41
0 16 41
5 14 39
1 14 40
3 14 41
2 15 41
0 13 39
1 29 43
1 29 42
0 29 44
1 18 1
0 18 0
1 20 42
0 20 43
2 22 43
2 21 43
0 23 43
6 44 6
1 44 7
4 45 6
2 46 5
6 45 5
0 47 5
1 15 3
0 15 4
2 32 44
2 31 44
2 30 44
0 33 44
0 41 9
2 10 39
2 11 39
2 12 39
0 9 39
1 9 37
1 9 38
0 9 36
0 10 36
1 20 44
0 20 45
0 45 5
1 33 4
0 33 5
2 32 5
0 31 5
1 45 2
1 45 3
1 45 4
0 45 1
1 41 11
1 41 10
0 41 12
1 22 37
0 22 36
1 7 35
3 7 36
2 8 36
0 7 34
0 7 33
1 17 37
3 17 38
0 17 36
2 7 39
2 8 39
0 6 39
2 44 1
0 43 1
4 26 43
2 25 43
2 24 43
0 26 42
2 18 45
2 19 45
0 17 45
0 20 46
2 34 1
5 35 1
3 35 2
2 36 2
5 37 2
0 33 1
0 37 5
0 23 44
1 9 40
0 9 41
1 22 35
0 22 34
0 7 32
2 31 1
2 32 1
0 30 1
2 28 5
2 29 5
2 30 5
0 27 5
0 6 32
2 30 41
0 31 41
4 27 7
1 27 6
0 26 7
2 40 12
0 39 12
3 36 39
5 36 38
2 35 38
2 34 38
0 37 39
1 29 46
1 29 45
0 29 47
2 42 1
0 41 1
0 22 33
0 24 39
2 38 39
0 39 39
1 42 13
5 42 12
0 42 14
2 42 39
2 41 39
2 40 39
0 43 39
2 28 47
0 27 47
2 16 36
0 15 36
0 42 15
2 16 45
0 15 45
4 25 8
6 25 7
0 24 8
1 7 29
1 7 30
1 7 31
0 7 28
2 13 45
2 14 45
0 12 45
2 43 14
0 44 14
0 15 35
2 8 27
6 7 27
0 9 27
2 30 47
0 31 47
0 29 38
1 29 36
1 29 37
0 29 35
1 24 10
1 24 9
0 24 11
0 21 2
2 11 27
2 10 27
0 12 27
1 12 46
0 12 47
2 5 34
2 6 34
0 4 34
5 34 6
3 33 6
0 34 7
1 24 14
1 24 13
1 24 12
0 24 15
2 23 15
0 22 15
1 12 44
0 12 43
0 21 36
0 25 15
1 15 5
0 15 6
1 34 8
0 34 9
1 20 47
0 20 48
2 27 15
2 26 15
0 28 15
1 12 29
1 12 28
0 12 30
2 38 11
5 39 11
0 37 11
1 28 16
0 28 17
1 9 26
0 9 25
1 44 18
1 44 17
1 44 16
1 44 15
0 44 19
1 44 22
1 44 21
1 44 20
0 44 23
1 34 12
1 34 11
1 34 10
0 34 13
1 34 16
1 34 15
1 34 14
0 34 17
0 33 37
1 34 22
1 34 21
1 34 20
1 34 19
1 34 18
0 34 23
2 32 23
2 33 23
0 31 23
2 23 8
0 22 8
0 27 2
0 28 14
1 34 24
0 34 25
2 20 15
2 21 15
0 19 15
1 33 34
1 33 35
1 33 36
0 33 33
2 26 47
0 25 47
2 30 23
0 29 23
2 35 17
0 36 17
2 10 45
2 11 45
0 9 45
0 29 24
0 34 33
1 44 25
1 44 24
0 44 26
1 25 18
1 25 17
1 25 16
0 25 19
3 39 9
2 40 9
0 39 8
0 10 35
0 24 47
2 47 19
2 46 19
2 45 19
0 48 19
0 44 39
1 4 32
1 4 33
0 4 31
2 3 31
0 2 31
2 43 26
0 42 26
5 14 30
2 13 30
0 14 31
2 36 23
2 35 23
0 37 23
1 31 21
1 31 22
0 31 20
2 5 25
2 6 25
2 7 25
2 8 25
0 4 25
2 27 35
2 28 35
0 26 35
6 11 47
0 11 48
2 32 9
2 33 9
0 31 9
2 7 45
2 8 45
0 6 45
2 34 37
0 35 37
1 45 36
4 45 37
6 44 37
1 44 38
0 45 35
2 3 25
0 2 25
2 46 1
0 47 1
1 28 13
0 28 12
1 39 42
1 39 41
1 39 40
0 39 43
1 39 45
1 39 44
0 39 46
1 21 3
0 21 4
1 4 23
1 4 24
0 4 22
0 26 2
5 48 35
2 47 35
2 46 35
0 48 36
1 45 32
1 45 33
1 45 34
0 45 31
0 22 4
5 42 46
2 41 46
2 40 46
0 42 47
2 4 45
2 5 45
0 3 45
0 2 24
2 41 31
2 42 31
2 43 31
2 44 31
0 40 31
0 45 6
1 40 33
1 40 32
0 40 34
2 14 26
6 13 26
4 13 27
0 15 26
2 48 31
2 47 31
2 46 31
0 49 31
0 28 38
2 3 39
2 4 39
2 5 39
0 2 39
1 49 28
1 49 29
1 49 30
0 49 27
1 17 35
0 17 34
0 18 15
2 14 15
2 15 15
2 16 15
2 17 15
0 13 15
2 9 15
2 10 15
2 11 15
2 12 15
0 8 15
2 6 15
2 7 15
0 5 15
2 27 25
2 28 25
4 29 25
0 26 25
1 26 33
1 26 34
0 26 32
0 2 38
5 49 14
3 48 14
1 48 13
1 48 12
0 49 15
2 16 6
0 17 6
1 26 27
1 26 26
0 26 28
1 44 40
0 44 41
0 28 39
1 24 48
0 24 49
1 5 14
0 5 13
1 44 43
1 44 42
0 44 44
1 48 21
1 48 20
0 48 22
1 48 38
1 48 37
0 48 39
3 4 13
0 4 12
2 1 41
4 2 41
1 2 40
0 0 41
1 37 22
0 37 21
6 41 26
0 41 27
2 24 25
2 25 25
0 23 25
3 3 49
1 3 48
1 3 47
1 3 46
0 4 49
2 32 47
0 33 47
0 22 16
2 1 29
5 2 29
1 2 30
0 0 29
2 21 11
2 22 11
2 23 11
0 20 11
2 12 6
2 13 6
2 14 6
0 11 6
0 18 10
2 46 47
2 45 47
2 44 47
2 43 47
0 47 47
2 21 24
2 22 24
5 23 24
0 20 24
6 12 23
1 12 24
1 12 25
1 12 26
0 13 23
1 9 21
1 9 22
1 9 23
1 9 24
0 9 20
1 13 13
1 13 14
0 13 12
1 20 21
1 20 22
1 20 23
0 20 20
6 5 11
4 5 12
0 6 11
3 40 1
0 40 0
0 37 17
2 9 48
2 10 48
0 8 48
2 10 4
5 11 4
1 11 5
0 9 4
0 18 29
3 46 18
2 47 18
5 48 18
0 46 17
1 34 32
0 34 31
5 22 20
2 21 20
0 22 21
1 5 16
0 5 17
2 6 17
0 7 17
3 12 12
0 12 11
5 16 46
3 15 46
0 16 47
2 34 41
2 33 41
2 32 41
0 35 41
1 3 3
3 3 4
2 4 4
2 5 4
2 6 4
2 7 4
2 8 4
0 3 2
-1
-1
-1
-1
-1
-1
-1
-1
-1
-1
-1
-1
-1
-1
-1
-1
-1
-1
-1
-1
-1
-1
-1
-1
-1
-1
-1
-1
-1
-1
-1
-1
-1
-1
-1
-1
-1
-1
-1
-1
-1
-1
-1
-1
-1
-1
-1
-1
-1
-1
-1
-1
-1
-1
-1
-1
-1
-1
-1
-1
-1
-1
-1
-1
-1
-1
-1
-1
-1
-1
-1
-1
-1
-1
-1
-1
-1
-1
-1
-1
-1
-1
-1
-1
-1
-1
-1
-1
-1
-1
-1
-1
-1
-1
-1
-1
-1
-1
-1
-1
-1
-1
-1
-1
-1
-1
-1
-1
-1
-1
-1
-1
-1
-1
-1
-1
-1
-1
-1
-1
-1
-1
-1
-1
-1
-1
-1
-1
-1
-1
-1
-1
-1
-1
-1
-1
-1
-1
-1
-1
-1
-1
-1
-1
-1
-1
-1
-1
-1
-1
-1
-1
-1
-1
-1
-1
-1
-1
-1
-1
