# start_size = 103
# yaki_cnt = 154250
# end_size = 143
# real_sz = 141
0 32 18
2 34 18
1 35 20
1 35 19
1 35 30
1 35 29
1 35 28
1 35 27
1 35 26
1 35 25
1 35 24
1 35 23
1 35 22
1 35 21
2 37 31
2 36 31
3 35 31
5 35 18
2 33 18
1 38 34
1 38 33
1 38 32
1 38 39
1 38 38
1 38 37
1 38 36
1 38 35
1 38 41
1 38 44
1 38 43
1 38 42
1 38 40
1 38 45
5 38 31
0 38 46
1 32 14
1 32 15
1 32 16
1 32 17
2 34 13
2 33 13
6 32 13
-1
-1
-1
-1
-1
-1
-1
-1
-1
-1
-1
-1
-1
-1
-1
-1
-1
-1
-1
-1
-1
-1
-1
-1
-1
-1
-1
-1
-1
-1
-1
-1
-1
-1
-1
0 35 13
2 34 46
2 35 46
2 36 46
2 37 46
2 25 46
2 26 46
2 27 46
2 28 46
2 29 46
2 30 46
2 31 46
2 32 46
2 33 46
2 19 46
2 20 46
2 21 46
2 22 46
2 23 46
2 15 46
2 16 46
2 17 46
6 7 46
2 8 46
2 9 46
2 10 46
2 11 46
2 12 46
2 13 46
2 14 46
2 18 46
2 24 46
-1
-1
-1
-1
-1
-1
-1
-1
-1
-1
-1
-1
-1
-1
-1
-1
-1
-1
-1
-1
-1
-1
-1
-1
-1
-1
0 7 47
2 7 43
6 6 43
1 6 44
1 6 45
1 6 46
3 6 47
1 8 38
1 8 39
1 8 40
1 8 41
1 8 42
4 8 43
-1
-1
-1
-1
-1
-1
-1
-1
-1
-1
-1
-1
-1
0 8 37
3 36 17
1 36 16
1 36 15
1 36 14
5 36 13
2 38 17
1 39 21
1 39 20
1 39 19
1 39 18
5 39 17
2 37 17
5 45 24
2 44 24
2 43 24
2 42 24
2 41 24
2 40 24
3 39 24
1 39 23
1 39 22
0 45 25
1 27 17
3 27 18
2 28 18
2 29 18
2 30 18
2 31 18
5 24 15
3 24 16
2 25 16
2 26 16
5 27 16
2 21 15
2 22 15
2 17 15
2 18 15
2 19 15
2 20 15
3 16 15
2 23 15
0 16 14
3 12 14
2 13 14
2 14 14
2 15 14
2 10 13
2 11 13
5 12 13
2 6 13
2 7 13
2 8 13
3 5 13
2 9 13
0 5 12
1 39 47
5 39 46
2 43 48
2 42 48
2 41 48
2 40 48
3 39 48
0 44 48
2 30 7
2 31 7
5 32 7
1 32 8
3 32 9
5 33 9
3 33 10
5 34 10
3 34 11
5 35 11
1 35 12
0 29 7
2 9 37
6 10 33
1 10 34
1 10 35
1 10 36
4 10 37
0 11 33
-1
-1
-1
0 38 31
6 16 12
1 16 13
1 17 3
1 17 4
1 17 5
1 17 6
1 17 7
1 17 8
1 17 9
1 17 10
1 17 11
4 17 12
0 17 2
0 38 45
-1
-1
0 9 13
-1
-1
-1
-1
0 24 46
-1
-1
-1
0 38 40
1 11 32
-1
-1
-1
0 11 31
-1
-1
-1
0 39 22
-1
-1
-1
0 33 18
-1
-1
-1
0 18 46
-1
-1
-1
0 38 35
-1
-1
0 33 46
-1
-1
-1
0 39 48
-1
-1
0 23 15
-1
-1
-1
0 35 18
3 33 25
1 33 24
1 33 23
1 33 22
1 33 21
1 33 20
1 33 19
1 34 26
5 34 25
0 34 27
0 8 43
0 32 13
-1
0 37 17
2 10 43
2 9 43
0 11 43
-1
-1
0 35 31
-1
-1
0 34 25
-1
-1
0 39 35
2 18 2
0 19 2
2 20 2
-1
0 21 2
2 37 40
0 36 40
1 11 30
-1
0 11 29
-1
0 35 40
-1
0 27 16
3 40 36
5 40 35
0 41 36
-1
0 10 29
-1
0 10 37
-1
0 17 12
-1
0 16 15
1 44 47
-1
0 44 46
1 41 38
1 41 37
0 41 39
2 19 12
2 18 12
0 20 12
2 8 29
2 9 29
0 7 29
0 28 7
0 11 42
2 34 40
0 33 40
3 43 44
5 44 44
1 44 45
0 43 43
0 12 13
1 7 28
0 7 27
1 23 17
1 23 16
0 23 18
1 23 20
1 23 19
0 23 21
0 35 21
0 39 23
2 14 29
2 13 29
2 12 29
0 15 29
0 5 11
0 22 18
0 5 13
1 5 14
0 5 15
3 17 30
5 17 29
2 16 29
0 18 30
1 12 11
1 12 12
0 12 10
1 12 6
1 12 7
1 12 8
1 12 9
0 12 5
1 24 43
1 24 44
1 24 45
0 24 42
1 21 40
3 21 41
5 22 41
3 22 42
2 23 42
0 21 39
1 21 36
1 21 37
1 21 38
0 21 35
2 5 37
2 6 37
2 7 37
0 4 37
4 5 36
6 4 36
0 5 35
1 5 34
0 5 33
2 26 19
3 25 19
5 25 18
2 24 18
0 27 19
2 47 46
2 46 46
2 45 46
0 48 46
4 38 14
6 37 14
1 37 15
1 37 16
0 38 13
2 32 40
0 31 40
0 38 12
2 27 6
5 28 6
0 26 6
2 30 40
0 29 40
6 18 28
1 18 29
0 19 28
2 21 28
2 20 28
0 22 28
0 12 33
2 23 6
2 24 6
2 25 6
0 22 6
1 12 3
1 12 4
0 12 2
2 18 35
2 19 35
2 20 35
0 17 35
0 17 36
1 19 25
1 19 26
1 19 27
0 19 24
2 40 13
2 39 13
0 41 13
0 20 24
1 23 29
5 23 28
0 23 30
2 25 30
2 24 30
0 26 30
0 38 42
3 18 48
1 18 47
0 19 48
2 27 30
0 28 30
1 48 42
1 48 43
1 48 44
1 48 45
0 48 41
6 28 27
1 28 28
1 28 29
0 29 27
0 33 45
6 16 37
4 17 37
0 16 38
0 20 15
1 48 39
1 48 40
0 48 38
1 29 25
1 29 26
0 29 24
1 16 19
1 16 18
1 16 17
1 16 16
0 16 20
2 14 20
2 15 20
0 13 20
3 13 24
1 13 23
1 13 22
1 13 21
0 14 24
1 46 21
1 46 22
1 46 23
1 46 24
4 46 25
0 46 20
4 20 41
1 20 40
6 20 39
0 19 41
3 43 20
2 44 20
2 45 20
0 43 19
2 39 45
0 40 45
1 8 25
4 8 26
6 7 26
0 8 24
0 47 20
3 22 9
1 22 8
1 22 7
0 23 9
0 39 24
0 47 19
1 39 25
0 39 26
5 23 35
2 22 35
0 23 36
6 38 48
0 38 49
0 34 31
2 25 36
2 24 36
0 26 36
1 47 17
1 47 18
0 47 16
0 14 46
4 13 48
6 13 47
4 14 47
0 12 48
5 1 31
1 1 32
3 1 33
2 2 33
2 3 33
2 4 33
0 0 31
0 20 23
1 29 39
0 29 38
2 6 29
0 5 29
1 29 2
1 29 3
1 29 4
1 29 5
1 29 6
0 29 1
2 31 1
2 30 1
0 32 1
1 48 36
1 48 37
0 48 35
5 24 21
0 24 22
4 25 14
2 24 14
6 23 14
0 25 13
0 48 34
4 42 31
2 41 31
2 40 31
2 39 31
0 42 30
0 39 17
5 27 47
2 26 47
2 25 47
3 24 47
0 27 48
4 39 8
6 38 8
1 38 9
1 38 10
1 38 11
0 39 7
4 3 43
1 3 42
6 3 41
4 4 41
1 4 40
1 4 39
1 4 38
0 2 43
2 41 7
2 40 7
0 42 7
1 29 35
1 29 36
1 29 37
0 29 34
2 44 7
2 43 7
0 45 7
1 45 5
1 45 6
0 45 4
-1
-1
-1
-1
-1
-1
-1
-1
-1
-1
-1
-1
-1
-1
-1
-1
-1
-1
-1
-1
-1
-1
-1
-1
-1
-1
-1
-1
-1
-1
-1
-1
-1
-1
-1
-1
-1
-1
-1
-1
-1
-1
-1
-1
-1
-1
-1
-1
-1
-1
-1
-1
-1
-1
-1
-1
-1
-1
-1
-1
-1
-1
-1
-1
-1
-1
-1
-1
-1
-1
-1
-1
-1
-1
-1
-1
-1
-1
-1
-1
-1
-1
-1
-1
-1
-1
-1
-1
-1
-1
-1
-1
-1
-1
-1
-1
-1
-1
-1
-1
-1
-1
-1
-1
-1
-1
-1
-1
-1
-1
-1
-1
-1
-1
-1
-1
-1
-1
-1
-1
-1
-1
-1
-1
-1
-1
-1
-1
-1
-1
-1
-1
-1
-1
-1
-1
-1
-1
-1
-1
-1
-1
-1
-1
-1
-1
-1
-1
-1
-1
-1
-1
-1
-1
-1
-1
