# start_size = 125
# yaki_cnt = 68230
# end_size = 171
0 3 46
4 5 46
2 4 46
6 6 44
4 6 45
2 7 44
6 8 43
2 15 43
2 14 43
2 13 43
2 12 43
2 11 43
2 10 43
2 9 43
1 16 42
4 16 43
1 16 39
1 16 40
1 16 41
4 8 44
6 5 45
0 16 38
2 18 38
2 17 38
2 21 38
2 20 38
2 19 38
2 22 38
4 27 38
2 26 38
2 25 38
2 24 38
2 30 37
2 29 37
2 28 37
1 31 36
1 31 17
1 31 18
1 31 19
1 31 20
1 31 21
1 31 22
1 31 23
1 31 24
1 31 25
1 31 26
1 31 27
1 31 28
1 31 29
1 31 30
1 31 31
1 31 32
1 31 33
1 31 11
1 31 12
1 31 13
1 31 14
1 31 15
1 31 16
1 31 34
1 31 35
4 31 37
6 27 37
2 23 38
4 34 7
2 33 7
2 32 7
6 31 7
1 31 8
1 31 9
1 31 10
-1
-1
-1
-1
-1
-1
-1
-1
-1
-1
0 34 6
5 32 1
1 32 2
3 32 3
2 33 3
5 34 3
1 34 4
1 34 5
-1
-1
-1
-1
-1
-1
-1
-1
0 31 1
-1
-1
-1
-1
-1
-1
-1
-1
0 5 45
6 35 3
1 35 4
1 35 5
4 35 6
-1
-1
-1
0 36 3
-1
-1
-1
-1
0 31 10
3 14 38
2 15 38
3 13 35
5 14 35
1 14 36
1 14 37
2 12 34
5 13 34
0 11 34
0 23 38
3 35 2
5 36 2
0 35 1
4 30 3
1 30 2
6 30 1
0 29 3
2 4 48
3 3 48
1 3 47
0 5 48
-1
0 27 37
2 39 3
2 38 3
2 37 3
0 40 3
1 40 5
1 40 4
0 40 6
2 7 48
2 6 48
0 8 48
0 31 37
2 2 46
0 1 46
1 40 7
0 40 8
-1
0 27 36
-1
0 31 38
-1
0 13 34
-1
0 40 9
2 27 3
2 28 3
0 26 3
0 41 3
1 13 33
0 13 32
1 1 45
0 1 44
1 40 11
1 40 10
0 40 12
3 26 35
5 27 35
0 26 34
0 26 4
0 22 38
1 40 14
1 40 13
0 40 15
1 39 16
6 39 15
0 39 17
2 43 15
2 42 15
2 41 15
0 44 15
0 44 16
1 26 32
1 26 33
0 26 31
5 5 42
1 5 43
1 5 44
0 4 42
2 28 31
2 27 31
0 29 31
4 30 31
0 30 30
1 13 31
0 13 30
1 30 28
1 30 29
0 30 27
0 31 35
2 25 34
0 24 34
2 38 17
0 37 17
1 30 24
1 30 25
1 30 26
0 30 23
0 31 34
1 31 39
0 31 40
0 29 23
2 45 3
2 44 3
2 43 3
2 42 3
0 46 3
1 46 5
1 46 4
0 46 6
2 10 30
2 11 30
2 12 30
0 9 30
2 32 34
0 33 34
2 7 30
2 8 30
0 6 30
4 4 32
6 4 31
2 5 31
4 6 31
0 3 32
2 33 38
2 32 38
0 34 38
2 35 33
6 34 33
4 34 34
0 36 33
0 8 44
1 36 31
1 36 32
0 36 30
0 31 41
5 36 16
3 36 17
0 35 16
2 33 16
2 34 16
0 32 16
2 23 34
0 22 34
0 31 16
2 38 12
2 39 12
0 37 12
1 31 42
0 31 43
0 16 41
5 33 22
3 32 22
1 32 21
1 32 20
1 32 19
1 32 18
1 32 17
0 33 23
2 29 10
2 30 10
0 28 10
0 16 43
5 37 34
3 36 34
0 37 35
2 48 3
2 47 3
0 49 3
2 24 10
2 25 10
2 26 10
2 27 10
0 23 10
3 34 40
1 34 39
0 35 40
2 29 43
2 30 43
0 28 43
2 39 40
2 38 40
2 37 40
2 36 40
0 40 40
3 41 43
1 41 42
5 41 41
3 40 41
0 42 43
0 23 9
0 42 44
1 4 39
1 4 40
1 4 41
0 4 38
2 6 38
2 5 38
0 7 38
2 26 43
2 27 43
0 25 43
4 36 23
2 35 23
2 34 23
0 36 22
3 25 30
5 26 30
0 25 29
2 38 35
0 39 35
2 23 29
2 24 29
0 22 29
6 40 33
1 40 34
4 40 35
0 41 33
0 19 38
0 7 37
4 15 45
6 15 44
4 16 44
0 14 45
2 13 45
0 12 45
1 14 47
1 14 46
0 14 48
0 7 44
2 42 33
0 43 33
1 30 22
0 30 21
2 8 37
0 9 37
2 16 48
2 15 48
0 17 48
1 28 46
1 28 45
1 28 44
0 28 47
2 27 23
2 28 23
0 26 23
2 38 22
2 37 22
0 39 22
6 32 26
4 33 26
1 33 25
1 33 24
0 32 27
2 20 29
2 21 29
0 19 29
0 19 28
2 14 41
2 15 41
0 13 41
0 18 28
1 44 19
1 44 18
1 44 17
0 44 20
0 23 8
0 14 30
5 12 40
3 12 41
0 11 40
6 14 25
1 14 26
1 14 27
1 14 28
1 14 29
0 15 25
2 35 12
2 36 12
0 34 12
0 15 24
0 34 11
1 7 36
0 7 35
0 14 37
5 41 24
3 40 24
5 40 23
3 39 23
0 41 25
2 44 25
2 43 25
2 42 25
0 45 25
1 41 31
1 41 32
0 41 30
1 45 27
1 45 26
0 45 28
0 8 30
2 10 26
6 9 26
1 9 27
1 9 28
1 9 29
0 11 26
5 29 19
1 29 20
3 29 21
0 28 19
1 26 1
1 26 2
0 26 0
2 45 16
0 46 16
1 22 39
0 22 40
6 25 41
1 25 42
0 26 41
0 44 14
2 45 35
3 44 35
1 44 34
5 44 33
0 46 35
0 26 24
5 3 36
3 3 37
5 4 37
0 2 36
3 20 7
2 21 7
5 22 7
3 22 8
0 20 6
2 47 35
0 48 35
0 47 16
1 36 26
1 36 27
1 36 28
1 36 29
0 36 25
6 3 38
0 3 39
0 45 6
5 7 34
0 6 34
2 46 29
3 45 29
0 47 29
5 37 25
0 37 26
1 35 43
1 35 42
1 35 41
0 35 44
3 18 36
5 19 36
1 19 37
0 18 35
1 6 28
1 6 29
0 6 27
1 18 34
0 18 33
3 24 19
2 25 19
2 26 19
2 27 19
0 24 18
1 6 26
0 6 25
4 27 13
6 27 12
4 28 12
1 28 11
0 26 13
4 40 31
6 40 30
0 39 31
6 23 43
2 24 43
0 23 44
3 39 1
5 40 1
1 40 2
0 39 0
2 23 23
2 24 23
2 25 23
0 22 23
1 43 36
1 43 35
1 43 34
0 43 37
2 3 27
2 4 27
2 5 27
0 2 27
2 18 43
2 17 43
0 19 43
1 20 2
1 20 3
1 20 4
1 20 5
0 20 1
1 48 13
1 48 14
4 48 15
6 47 15
0 48 12
2 48 44
2 47 44
2 46 44
2 45 44
2 44 44
2 43 44
0 49 44
5 36 21
0 35 21
1 42 47
1 42 46
1 42 45
0 42 48
2 17 10
2 18 10
2 19 10
2 20 10
2 21 10
2 22 10
0 16 10
1 16 14
1 16 13
1 16 12
1 16 11
0 16 15
1 11 23
1 11 24
1 11 25
0 11 22
5 31 47
2 30 47
2 29 47
0 31 48
2 41 48
0 40 48
0 9 43
2 12 9
2 13 9
5 14 9
3 14 10
2 15 10
0 11 9
1 1 47
0 1 48
1 11 20
1 11 21
0 11 19
2 45 48
2 44 48
2 43 48
0 46 48
0 35 30
2 47 20
2 46 20
2 45 20
0 48 20
4 18 48
0 18 47
2 7 8
2 8 8
5 9 8
3 9 9
2 10 9
0 6 8
-1
-1
-1
-1
-1
-1
-1
-1
-1
-1
-1
-1
-1
-1
-1
-1
-1
-1
-1
-1
-1
-1
-1
-1
-1
-1
-1
-1
-1
-1
-1
-1
-1
-1
-1
-1
-1
-1
-1
-1
-1
-1
-1
-1
-1
-1
-1
-1
-1
-1
-1
-1
-1
-1
-1
-1
-1
-1
-1
-1
-1
-1
-1
-1
-1
-1
-1
-1
-1
-1
-1
-1
-1
-1
-1
-1
-1
-1
-1
-1
-1
-1
-1
-1
-1
-1
-1
-1
-1
-1
-1
-1
-1
-1
-1
-1
-1
-1
-1
-1
-1
-1
-1
-1
-1
-1
-1
-1
-1
-1
-1
-1
-1
-1
-1
-1
-1
-1
-1
-1
-1
-1
-1
-1
-1
-1
-1
-1
-1
-1
-1
-1
-1
-1
-1
-1
-1
-1
-1
-1
-1
-1
-1
-1
-1
-1
-1
-1
-1
-1
-1
-1
-1
-1
-1
-1
-1
-1
-1
-1
-1
-1
-1
-1
-1
-1
-1
-1
-1
-1
-1
-1
-1
-1
-1
-1
-1
-1
-1
-1
-1
-1
-1
-1
-1
-1
-1
-1
-1
-1
-1
-1
-1
-1
-1
-1
-1
-1
-1
-1
