# money = 273083
# income = 939
2 43 38
2 42 38
2 41 38
2 40 38
2 39 38
2 38 38
2 37 38
2 36 38
2 35 38
2 34 38
2 33 38
2 32 38
2 31 38
2 30 38
2 29 38
2 28 38
2 27 38
2 26 38
2 25 38
2 24 38
2 23 38
2 22 38
2 21 38
2 20 38
2 19 38
2 18 38
2 17 38
2 16 38
2 15 38
2 14 38
2 13 38
2 12 38
2 11 38
3 10 38
1 10 37
1 10 36
1 10 35
1 10 34
1 10 33
1 10 32
1 10 31
0 10 30
0 44 38
5 44 37
2 43 37
2 42 37
2 41 37
2 40 37
2 39 37
3 38 37
1 38 36
1 38 35
1 38 34
1 38 33
1 38 32
1 38 31
1 38 30
1 38 29
1 38 28
1 38 27
1 38 26
1 38 25
1 38 24
1 38 23
1 38 22
1 38 21
1 38 20
1 38 19
1 38 18
1 38 17
1 38 16
-1
-1
-1
-1
-1
-1
-1
-1
-1
-1
-1
-1
-1
-1
-1
-1
-1
0 38 15
2 37 15
2 36 15
2 35 15
2 34 15
2 33 15
2 32 15
2 31 15
2 30 15
2 29 15
2 28 15
2 27 15
2 26 15
2 25 15
2 24 15
2 23 15
2 22 15
3 21 15
1 21 14
1 21 13
1 21 12
1 21 11
1 21 10
1 21 9
1 21 8
1 21 7
1 21 6
-1
-1
-1
-1
-1
-1
-1
-1
-1
-1
-1
-1
-1
-1
-1
-1
-1
-1
-1
-1
-1
-1
-1
-1
-1
-1
-1
-1
-1
-1
-1
-1
-1
-1
0 21 5
6 20 5
4 20 6
2 19 6
2 18 6
2 17 6
2 16 6
2 15 6
2 14 6
2 13 6
2 12 6
2 11 6
2 10 6
2 9 6
2 8 6
-1
-1
-1
-1
-1
-1
-1
-1
-1
-1
-1
-1
-1
-1
-1
-1
-1
-1
-1
-1
-1
-1
-1
-1
-1
0 7 6
2 11 30
5 12 30
1 12 31
1 12 32
-1
-1
-1
-1
-1
-1
-1
-1
-1
-1
-1
-1
-1
-1
-1
-1
-1
-1
-1
-1
-1
-1
-1
-1
0 12 33
-1
-1
-1
-1
-1
-1
-1
-1
-1
-1
-1
-1
-1
-1
-1
-1
-1
-1
-1
-1
-1
0 38 22
-1
-1
-1
-1
-1
-1
-1
-1
-1
-1
-1
-1
-1
-1
-1
-1
-1
-1
-1
0 37 38
-1
-1
-1
-1
-1
-1
-1
-1
-1
-1
-1
-1
-1
-1
-1
-1
0 25 15
1 25 16
4 25 17
2 24 17
2 23 17
2 22 17
2 21 17
2 20 17
2 19 17
2 18 17
-1
-1
-1
-1
-1
-1
-1
-1
-1
0 17 17
2 13 33
2 14 33
2 15 33
-1
-1
-1
-1
-1
-1
-1
-1
-1
-1
-1
0 16 33
6 9 30
1 9 31
1 9 32
1 9 33
1 9 34
1 9 35
1 9 36
1 9 37
1 9 38
1 9 39
1 9 40
4 9 41
2 8 41
2 7 41
2 6 41
2 5 41
2 4 41
0 3 41
5 10 29
2 9 29
3 8 29
1 8 28
1 8 27
1 8 26
1 8 25
1 8 24
1 8 23
1 8 22
-1
-1
-1
-1
0 8 21
2 37 22
2 36 22
2 35 22
2 34 22
2 33 22
3 32 22
1 32 21
1 32 20
1 32 19
-1
-1
-1
-1
0 32 18
1 25 14
1 25 13
1 25 12
1 25 11
-1
-1
-1
-1
-1
-1
-1
-1
0 25 10
-1
-1
-1
-1
-1
-1
-1
-1
-1
-1
0 35 15
2 39 15
4 40 15
1 40 14
1 40 13
1 40 12
1 40 11
1 40 10
1 40 9
1 40 8
-1
-1
-1
0 40 7
2 26 10
2 27 10
2 28 10
2 29 10
2 30 10
-1
-1
-1
-1
-1
0 31 10
-1
-1
-1
-1
-1
-1
-1
-1
-1
-1
0 16 38
-1
-1
-1
-1
-1
-1
-1
-1
0 8 26
-1
-1
-1
-1
-1
-1
-1
-1
0 40 14
-1
-1
-1
-1
-1
-1
-1
0 9 32
1 37 39
4 37 40
-1
-1
-1
-1
0 36 40
2 9 21
5 10 21
1 10 22
-1
-1
-1
-1
0 10 23
2 39 7
2 38 7
2 37 7
2 36 7
3 35 7
1 35 6
1 35 5
0 35 4
-1
-1
-1
-1
-1
0 38 25
1 25 9
-1
-1
-1
-1
0 25 8
2 17 33
2 18 33
2 19 33
2 20 33
2 21 33
2 22 33
2 23 33
0 24 33
5 24 32
2 23 32
3 22 32
1 22 31
1 22 30
1 22 29
1 22 28
0 22 27
1 17 18
1 17 19
0 17 20
2 32 10
2 33 10
-1
-1
-1
0 34 10
6 7 21
4 7 22
2 6 22
2 5 22
2 4 22
2 3 22
2 2 22
0 1 22
-1
-1
-1
-1
-1
-1
-1
-1
-1
-1
-1
-1
-1
-1
-1
-1
-1
-1
-1
-1
-1
-1
-1
-1
-1
-1
-1
-1
-1
-1
-1
-1
-1
-1
-1
-1
-1
-1
-1
-1
-1
-1
-1
-1
-1
-1
-1
-1
-1
-1
-1
-1
-1
-1
-1
-1
-1
-1
-1
-1
-1
-1
-1
-1
-1
-1
-1
-1
-1
-1
-1
-1
-1
-1
-1
-1
-1
-1
-1
-1
-1
-1
-1
-1
-1
-1
-1
-1
-1
-1
-1
-1
-1
-1
-1
-1
-1
-1
-1
-1
-1
-1
-1
-1
-1
-1
-1
-1
-1
-1
-1
-1
-1
-1
-1
-1
-1
-1
-1
-1
-1
-1
-1
-1
-1
-1
-1
-1
-1
-1
-1
-1
-1
-1
-1
-1
-1
-1
-1
-1
-1
-1
-1
-1
-1
-1
-1
-1
-1
-1
-1
-1
-1
-1
-1
-1
-1
-1
-1
-1
-1
-1
-1
-1
-1
-1
-1
-1
-1
-1
-1
-1
-1
-1
-1
-1
-1
-1
-1
-1
-1
-1
-1
-1
-1
-1
-1
-1
-1
-1
-1
-1
-1
-1
-1
-1
-1
-1
-1
-1
-1
-1
-1
-1
-1
-1
-1
-1
-1
-1
-1
-1
-1
-1
-1
-1
-1
-1
-1
-1
-1
-1
-1
-1
-1
-1
-1
-1
-1
-1
-1
-1
-1
-1
-1
-1
-1
-1
-1
-1
-1
-1
-1
-1
-1
-1
-1
-1
-1
-1
-1
-1
-1
-1
-1
-1
-1
-1
-1
-1
-1
-1
-1
-1
-1
-1
-1
-1
-1
-1
-1
-1
-1
-1
-1
-1
-1
-1
-1
-1
-1
-1
-1
-1
-1
-1
-1
-1
